
 Number of bits:
          11

 Number of grid points:
        2048

 Grid points:
           0        4200
           1        4201
           2        4202
           3        4203
           4        4204
           5        4205
           6        4206
           7        4207
           8        4208
           9        4209
          10        4210
          11        4211
          12        4212
          13        4213
          14        4214
          15        4215
          16        4216
          17        4217
          18        4218
          19        4219
          20        4220
          21        4221
          22        4222
          23        4223
          24        4224
          25        4225
          26        4226
          27        4227
          28        4228
          29        4229
          30        4230
          31        4231
          32        4232
          33        4233
          34        4234
          35        4235
          36        4236
          37        4237
          38        4238
          39        4239
          40        4240
          41        4241
          42        4242
          43        4243
          44        4244
          45        4245
          46        4246
          47        4247
          48        4248
          49        4249
          50        4250
          51        4251
          52        4252
          53        4253
          54        4254
          55        4255
          56        4256
          57        4257
          58        4258
          59        4259
          60        4260
          61        4261
          62        4262
          63        4263
          64        4264
          65        4265
          66        4266
          67        4267
          68        4268
          69        4269
          70        4270
          71        4271
          72        4272
          73        4273
          74        4274
          75        4275
          76        4276
          77        4277
          78        4278
          79        4279
          80        4280
          81        4281
          82        4282
          83        4283
          84        4284
          85        4285
          86        4286
          87        4287
          88        4288
          89        4289
          90        4290
          91        4291
          92        4292
          93        4293
          94        4294
          95        4295
          96        4296
          97        4297
          98        4298
          99        4299
         100        4300
         101        4301
         102        4302
         103        4303
         104        4304
         105        4305
         106        4306
         107        4307
         108        4308
         109        4309
         110        4310
         111        4311
         112        4312
         113        4313
         114        4314
         115        4315
         116        4316
         117        4317
         118        4318
         119        4319
         120        4320
         121        4321
         122        4322
         123        4323
         124        4324
         125        4325
         126        4326
         127        4327
         128        4328
         129        4329
         130        4330
         131        4331
         132        4332
         133        4333
         134        4334
         135        4335
         136        4336
         137        4337
         138        4338
         139        4339
         140        4340
         141        4341
         142        4342
         143        4343
         144        4344
         145        4345
         146        4346
         147        4347
         148        4348
         149        4349
         150        4350
         151        4351
         152        4352
         153        4353
         154        4354
         155        4355
         156        4356
         157        4357
         158        4358
         159        4359
         160        4360
         161        4361
         162        4362
         163        4363
         164        4364
         165        4365
         166        4366
         167        4367
         168        4368
         169        4369
         170        4370
         171        4371
         172        4372
         173        4373
         174        4374
         175        4375
         176        4376
         177        4377
         178        4378
         179        4379
         180        4380
         181        4381
         182        4382
         183        4383
         184        4384
         185        4385
         186        4386
         187        4387
         188        4388
         189        4389
         190        4390
         191        4391
         192        4392
         193        4393
         194        4394
         195        4395
         196        4396
         197        4397
         198        4398
         199        4399
         200        4400
         201        4401
         202        4402
         203        4403
         204        4404
         205        4405
         206        4406
         207        4407
         208        4408
         209        4409
         210        4410
         211        4411
         212        4412
         213        4413
         214        4414
         215        4415
         216        4416
         217        4417
         218        4418
         219        4419
         220        4420
         221        4421
         222        4422
         223        4423
         224        4424
         225        4425
         226        4426
         227        4427
         228        4428
         229        4429
         230        4430
         231        4431
         232        4432
         233        4433
         234        4434
         235        4435
         236        4436
         237        4437
         238        4438
         239        4439
         240        4440
         241        4441
         242        4442
         243        4443
         244        4444
         245        4445
         246        4446
         247        4447
         248        4448
         249        4449
         250        4450
         251        4451
         252        4452
         253        4453
         254        4454
         255        4455
         256        4456
         257        4457
         258        4458
         259        4459
         260        4460
         261        4461
         262        4462
         263        4463
         264        4464
         265        4465
         266        4466
         267        4467
         268        4468
         269        4469
         270        4470
         271        4471
         272        4472
         273        4473
         274        4474
         275        4475
         276        4476
         277        4477
         278        4478
         279        4479
         280        4480
         281        4481
         282        4482
         283        4483
         284        4484
         285        4485
         286        4486
         287        4487
         288        4488
         289        4489
         290        4490
         291        4491
         292        4492
         293        4493
         294        4494
         295        4495
         296        4496
         297        4497
         298        4498
         299        4499
         300        4500
         301        4501
         302        4502
         303        4503
         304        4504
         305        4505
         306        4506
         307        4507
         308        4508
         309        4509
         310        4510
         311        4511
         312        4512
         313        4513
         314        4514
         315        4515
         316        4516
         317        4517
         318        4518
         319        4519
         320        4520
         321        4521
         322        4522
         323        4523
         324        4524
         325        4525
         326        4526
         327        4527
         328        4528
         329        4529
         330        4530
         331        4531
         332        4532
         333        4533
         334        4534
         335        4535
         336        4536
         337        4537
         338        4538
         339        4539
         340        4540
         341        4541
         342        4542
         343        4543
         344        4544
         345        4545
         346        4546
         347        4547
         348        4548
         349        4549
         350        4550
         351        4551
         352        4552
         353        4553
         354        4554
         355        4555
         356        4556
         357        4557
         358        4558
         359        4559
         360        4560
         361        4561
         362        4562
         363        4563
         364        4564
         365        4565
         366        4566
         367        4567
         368        4568
         369        4569
         370        4570
         371        4571
         372        4572
         373        4573
         374        4574
         375        4575
         376        4576
         377        4577
         378        4578
         379        4579
         380        4580
         381        4581
         382        4582
         383        4583
         384        4584
         385        4585
         386        4586
         387        4587
         388        4588
         389        4589
         390        4590
         391        4591
         392        4592
         393        4593
         394        4594
         395        4595
         396        4596
         397        4597
         398        4598
         399        4599
         400        4600
         401        4601
         402        4602
         403        4603
         404        4604
         405        4605
         406        4606
         407        4607
         408        4608
         409        4609
         410        4610
         411        4611
         412        4612
         413        4613
         414        4614
         415        4615
         416        4616
         417        4617
         418        4618
         419        4619
         420        4620
         421        4621
         422        4622
         423        4623
         424        4624
         425        4625
         426        4626
         427        4627
         428        4628
         429        4629
         430        4630
         431        4631
         432        4632
         433        4633
         434        4634
         435        4635
         436        4636
         437        4637
         438        4638
         439        4639
         440        4640
         441        4641
         442        4642
         443        4643
         444        4644
         445        4645
         446        4646
         447        4647
         448        4648
         449        4649
         450        4650
         451        4651
         452        4652
         453        4653
         454        4654
         455        4655
         456        4656
         457        4657
         458        4658
         459        4659
         460        4660
         461        4661
         462        4662
         463        4663
         464        4664
         465        4665
         466        4666
         467        4667
         468        4668
         469        4669
         470        4670
         471        4671
         472        4672
         473        4673
         474        4674
         475        4675
         476        4676
         477        4677
         478        4678
         479        4679
         480        4680
         481        4681
         482        4682
         483        4683
         484        4684
         485        4685
         486        4686
         487        4687
         488        4688
         489        4689
         490        4690
         491        4691
         492        4692
         493        4693
         494        4694
         495        4695
         496        4696
         497        4697
         498        4698
         499        4699
         500        4700
         501        4701
         502        4702
         503        4703
         504        4704
         505        4705
         506        4706
         507        4707
         508        4708
         509        4709
         510        4710
         511        4711
         512        4712
         513        4713
         514        4714
         515        4715
         516        4716
         517        4717
         518        4718
         519        4719
         520        4720
         521        4721
         522        4722
         523        4723
         524        4724
         525        4725
         526        4726
         527        4727
         528        4728
         529        4729
         530        4730
         531        4731
         532        4732
         533        4733
         534        4734
         535        4735
         536        4736
         537        4737
         538        4738
         539        4739
         540        4740
         541        4741
         542        4742
         543        4743
         544        4744
         545        4745
         546        4746
         547        4747
         548        4748
         549        4749
         550        4750
         551        4751
         552        4752
         553        4753
         554        4754
         555        4755
         556        4756
         557        4757
         558        4758
         559        4759
         560        4760
         561        4761
         562        4762
         563        4763
         564        4764
         565        4765
         566        4766
         567        4767
         568        4768
         569        4769
         570        4770
         571        4771
         572        4772
         573        4773
         574        4774
         575        4775
         576        4776
         577        4777
         578        4778
         579        4779
         580        4780
         581        4781
         582        4782
         583        4783
         584        4784
         585        4785
         586        4786
         587        4787
         588        4788
         589        4789
         590        4790
         591        4791
         592        4792
         593        4793
         594        4794
         595        4795
         596        4796
         597        4797
         598        4798
         599        4799
         600        4800
         601        4801
         602        4802
         603        4803
         604        4804
         605        4805
         606        4806
         607        4807
         608        4808
         609        4809
         610        4810
         611        4811
         612        4812
         613        4813
         614        4814
         615        4815
         616        4816
         617        4817
         618        4818
         619        4819
         620        4820
         621        4821
         622        4822
         623        4823
         624        4824
         625        4825
         626        4826
         627        4827
         628        4828
         629        4829
         630        4830
         631        4831
         632        4832
         633        4833
         634        4834
         635        4835
         636        4836
         637        4837
         638        4838
         639        4839
         640        4840
         641        4841
         642        4842
         643        4843
         644        4844
         645        4845
         646        4846
         647        4847
         648        4848
         649        4849
         650        4850
         651        4851
         652        4852
         653        4853
         654        4854
         655        4855
         656        4856
         657        4857
         658        4858
         659        4859
         660        4860
         661        4861
         662        4862
         663        4863
         664        4864
         665        4865
         666        4866
         667        4867
         668        4868
         669        4869
         670        4870
         671        4871
         672        4872
         673        4873
         674        4874
         675        4875
         676        4876
         677        4877
         678        4878
         679        4879
         680        4880
         681        4881
         682        4882
         683        4883
         684        4884
         685        4885
         686        4886
         687        4887
         688        4888
         689        4889
         690        4890
         691        4891
         692        4892
         693        4893
         694        4894
         695        4895
         696        4896
         697        4897
         698        4898
         699        4899
         700        4900
         701        4901
         702        4902
         703        4903
         704        4904
         705        4905
         706        4906
         707        4907
         708        4908
         709        4909
         710        4910
         711        4911
         712        4912
         713        4913
         714        4914
         715        4915
         716        4916
         717        4917
         718        4918
         719        4919
         720        4920
         721        4921
         722        4922
         723        4923
         724        4924
         725        4925
         726        4926
         727        4927
         728        4928
         729        4929
         730        4930
         731        4931
         732        4932
         733        4933
         734        4934
         735        4935
         736        4936
         737        4937
         738        4938
         739        4939
         740        4940
         741        4941
         742        4942
         743        4943
         744        4944
         745        4945
         746        4946
         747        4947
         748        4948
         749        4949
         750        4950
         751        4951
         752        4952
         753        4953
         754        4954
         755        4955
         756        4956
         757        4957
         758        4958
         759        4959
         760        4960
         761        4961
         762        4962
         763        4963
         764        4964
         765        4965
         766        4966
         767        4967
         768        4968
         769        4969
         770        4970
         771        4971
         772        4972
         773        4973
         774        4974
         775        4975
         776        4976
         777        4977
         778        4978
         779        4979
         780        4980
         781        4981
         782        4982
         783        4983
         784        4984
         785        4985
         786        4986
         787        4987
         788        4988
         789        4989
         790        4990
         791        4991
         792        4992
         793        4993
         794        4994
         795        4995
         796        4996
         797        4997
         798        4998
         799        4999
         800        5000
         801        5001
         802        5002
         803        5003
         804        5004
         805        5005
         806        5006
         807        5007
         808        5008
         809        5009
         810        5010
         811        5011
         812        5012
         813        5013
         814        5014
         815        5015
         816        5016
         817        5017
         818        5018
         819        5019
         820        5020
         821        5021
         822        5022
         823        5023
         824        5024
         825        5025
         826        5026
         827        5027
         828        5028
         829        5029
         830        5030
         831        5031
         832        5032
         833        5033
         834        5034
         835        5035
         836        5036
         837        5037
         838        5038
         839        5039
         840        5040
         841        5041
         842        5042
         843        5043
         844        5044
         845        5045
         846        5046
         847        5047
         848        5048
         849        5049
         850        5050
         851        5051
         852        5052
         853        5053
         854        5054
         855        5055
         856        5056
         857        5057
         858        5058
         859        5059
         860        5060
         861        5061
         862        5062
         863        5063
         864        5064
         865        5065
         866        5066
         867        5067
         868        5068
         869        5069
         870        5070
         871        5071
         872        5072
         873        5073
         874        5074
         875        5075
         876        5076
         877        5077
         878        5078
         879        5079
         880        5080
         881        5081
         882        5082
         883        5083
         884        5084
         885        5085
         886        5086
         887        5087
         888        5088
         889        5089
         890        5090
         891        5091
         892        5092
         893        5093
         894        5094
         895        5095
         896        5096
         897        5097
         898        5098
         899        5099
         900        5100
         901        5101
         902        5102
         903        5103
         904        5104
         905        5105
         906        5106
         907        5107
         908        5108
         909        5109
         910        5110
         911        5111
         912        5112
         913        5113
         914        5114
         915        5115
         916        5116
         917        5117
         918        5118
         919        5119
         920        5120
         921        5121
         922        5122
         923        5123
         924        5124
         925        5125
         926        5126
         927        5127
         928        5128
         929        5129
         930        5130
         931        5131
         932        5132
         933        5133
         934        5134
         935        5135
         936        5136
         937        5137
         938        5138
         939        5139
         940        5140
         941        5141
         942        5142
         943        5143
         944        5144
         945        5145
         946        5146
         947        5147
         948        5148
         949        5149
         950        5150
         951        5151
         952        5152
         953        5153
         954        5154
         955        5155
         956        5156
         957        5157
         958        5158
         959        5159
         960        5160
         961        5161
         962        5162
         963        5163
         964        5164
         965        5165
         966        5166
         967        5167
         968        5168
         969        5169
         970        5170
         971        5171
         972        5172
         973        5173
         974        5174
         975        5175
         976        5176
         977        5177
         978        5178
         979        5179
         980        5180
         981        5181
         982        5182
         983        5183
         984        5184
         985        5185
         986        5186
         987        5187
         988        5188
         989        5189
         990        5190
         991        5191
         992        5192
         993        5193
         994        5194
         995        5195
         996        5196
         997        5197
         998        5198
         999        5199
        1000        5200
        1001        5201
        1002        5202
        1003        5203
        1004        5204
        1005        5205
        1006        5206
        1007        5207
        1008        5208
        1009        5209
        1010        5210
        1011        5211
        1012        5212
        1013        5213
        1014        5214
        1015        5215
        1016        5216
        1017        5217
        1018        5218
        1019        5219
        1020        5220
        1021        5221
        1022        5222
        1023        5223
        1024        5224
        1025        5225
        1026        5226
        1027        5227
        1028        5228
        1029        5229
        1030        5230
        1031        5231
        1032        5232
        1033        5233
        1034        5234
        1035        5235
        1036        5236
        1037        5237
        1038        5238
        1039        5239
        1040        5240
        1041        5241
        1042        5242
        1043        5243
        1044        5244
        1045        5245
        1046        5246
        1047        5247
        1048        5248
        1049        5249
        1050        5250
        1051        5251
        1052        5252
        1053        5253
        1054        5254
        1055        5255
        1056        5256
        1057        5257
        1058        5258
        1059        5259
        1060        5260
        1061        5261
        1062        5262
        1063        5263
        1064        5264
        1065        5265
        1066        5266
        1067        5267
        1068        5268
        1069        5269
        1070        5270
        1071        5271
        1072        5272
        1073        5273
        1074        5274
        1075        5275
        1076        5276
        1077        5277
        1078        5278
        1079        5279
        1080        5280
        1081        5281
        1082        5282
        1083        5283
        1084        5284
        1085        5285
        1086        5286
        1087        5287
        1088        5288
        1089        5289
        1090        5290
        1091        5291
        1092        5292
        1093        5293
        1094        5294
        1095        5295
        1096        5296
        1097        5297
        1098        5298
        1099        5299
        1100        5300
        1101        5301
        1102        5302
        1103        5303
        1104        5304
        1105        5305
        1106        5306
        1107        5307
        1108        5308
        1109        5309
        1110        5310
        1111        5311
        1112        5312
        1113        5313
        1114        5314
        1115        5315
        1116        5316
        1117        5317
        1118        5318
        1119        5319
        1120        5320
        1121        5321
        1122        5322
        1123        5323
        1124        5324
        1125        5325
        1126        5326
        1127        5327
        1128        5328
        1129        5329
        1130        5330
        1131        5331
        1132        5332
        1133        5333
        1134        5334
        1135        5335
        1136        5336
        1137        5337
        1138        5338
        1139        5339
        1140        5340
        1141        5341
        1142        5342
        1143        5343
        1144        5344
        1145        5345
        1146        5346
        1147        5347
        1148        5348
        1149        5349
        1150        5350
        1151        5351
        1152        5352
        1153        5353
        1154        5354
        1155        5355
        1156        5356
        1157        5357
        1158        5358
        1159        5359
        1160        5360
        1161        5361
        1162        5362
        1163        5363
        1164        5364
        1165        5365
        1166        5366
        1167        5367
        1168        5368
        1169        5369
        1170        5370
        1171        5371
        1172        5372
        1173        5373
        1174        5374
        1175        5375
        1176        5376
        1177        5377
        1178        5378
        1179        5379
        1180        5380
        1181        5381
        1182        5382
        1183        5383
        1184        5384
        1185        5385
        1186        5386
        1187        5387
        1188        5388
        1189        5389
        1190        5390
        1191        5391
        1192        5392
        1193        5393
        1194        5394
        1195        5395
        1196        5396
        1197        5397
        1198        5398
        1199        5399
        1200        5400
        1201        5401
        1202        5402
        1203        5403
        1204        5404
        1205        5405
        1206        5406
        1207        5407
        1208        5408
        1209        5409
        1210        5410
        1211        5411
        1212        5412
        1213        5413
        1214        5414
        1215        5415
        1216        5416
        1217        5417
        1218        5418
        1219        5419
        1220        5420
        1221        5421
        1222        5422
        1223        5423
        1224        5424
        1225        5425
        1226        5426
        1227        5427
        1228        5428
        1229        5429
        1230        5430
        1231        5431
        1232        5432
        1233        5433
        1234        5434
        1235        5435
        1236        5436
        1237        5437
        1238        5438
        1239        5439
        1240        5440
        1241        5441
        1242        5442
        1243        5443
        1244        5444
        1245        5445
        1246        5446
        1247        5447
        1248        5448
        1249        5449
        1250        5450
        1251        5451
        1252        5452
        1253        5453
        1254        5454
        1255        5455
        1256        5456
        1257        5457
        1258        5458
        1259        5459
        1260        5460
        1261        5461
        1262        5462
        1263        5463
        1264        5464
        1265        5465
        1266        5466
        1267        5467
        1268        5468
        1269        5469
        1270        5470
        1271        5471
        1272        5472
        1273        5473
        1274        5474
        1275        5475
        1276        5476
        1277        5477
        1278        5478
        1279        5479
        1280        5480
        1281        5481
        1282        5482
        1283        5483
        1284        5484
        1285        5485
        1286        5486
        1287        5487
        1288        5488
        1289        5489
        1290        5490
        1291        5491
        1292        5492
        1293        5493
        1294        5494
        1295        5495
        1296        5496
        1297        5497
        1298        5498
        1299        5499
        1300        5500
        1301        5501
        1302        5502
        1303        5503
        1304        5504
        1305        5505
        1306        5506
        1307        5507
        1308        5508
        1309        5509
        1310        5510
        1311        5511
        1312        5512
        1313        5513
        1314        5514
        1315        5515
        1316        5516
        1317        5517
        1318        5518
        1319        5519
        1320        5520
        1321        5521
        1322        5522
        1323        5523
        1324        5524
        1325        5525
        1326        5526
        1327        5527
        1328        5528
        1329        5529
        1330        5530
        1331        5531
        1332        5532
        1333        5533
        1334        5534
        1335        5535
        1336        5536
        1337        5537
        1338        5538
        1339        5539
        1340        5540
        1341        5541
        1342        5542
        1343        5543
        1344        5544
        1345        5545
        1346        5546
        1347        5547
        1348        5548
        1349        5549
        1350        5550
        1351        5551
        1352        5552
        1353        5553
        1354        5554
        1355        5555
        1356        5556
        1357        5557
        1358        5558
        1359        5559
        1360        5560
        1361        5561
        1362        5562
        1363        5563
        1364        5564
        1365        5565
        1366        5566
        1367        5567
        1368        5568
        1369        5569
        1370        5570
        1371        5571
        1372        5572
        1373        5573
        1374        5574
        1375        5575
        1376        5576
        1377        5577
        1378        5578
        1379        5579
        1380        5580
        1381        5581
        1382        5582
        1383        5583
        1384        5584
        1385        5585
        1386        5586
        1387        5587
        1388        5588
        1389        5589
        1390        5590
        1391        5591
        1392        5592
        1393        5593
        1394        5594
        1395        5595
        1396        5596
        1397        5597
        1398        5598
        1399        5599
        1400        5600
        1401        5601
        1402        5602
        1403        5603
        1404        5604
        1405        5605
        1406        5606
        1407        5607
        1408        5608
        1409        5609
        1410        5610
        1411        5611
        1412        5612
        1413        5613
        1414        5614
        1415        5615
        1416        5616
        1417        5617
        1418        5618
        1419        5619
        1420        5620
        1421        5621
        1422        5622
        1423        5623
        1424        5624
        1425        5625
        1426        5626
        1427        5627
        1428        5628
        1429        5629
        1430        5630
        1431        5631
        1432        5632
        1433        5633
        1434        5634
        1435        5635
        1436        5636
        1437        5637
        1438        5638
        1439        5639
        1440        5640
        1441        5641
        1442        5642
        1443        5643
        1444        5644
        1445        5645
        1446        5646
        1447        5647
        1448        5648
        1449        5649
        1450        5650
        1451        5651
        1452        5652
        1453        5653
        1454        5654
        1455        5655
        1456        5656
        1457        5657
        1458        5658
        1459        5659
        1460        5660
        1461        5661
        1462        5662
        1463        5663
        1464        5664
        1465        5665
        1466        5666
        1467        5667
        1468        5668
        1469        5669
        1470        5670
        1471        5671
        1472        5672
        1473        5673
        1474        5674
        1475        5675
        1476        5676
        1477        5677
        1478        5678
        1479        5679
        1480        5680
        1481        5681
        1482        5682
        1483        5683
        1484        5684
        1485        5685
        1486        5686
        1487        5687
        1488        5688
        1489        5689
        1490        5690
        1491        5691
        1492        5692
        1493        5693
        1494        5694
        1495        5695
        1496        5696
        1497        5697
        1498        5698
        1499        5699
        1500        5700
        1501        5701
        1502        5702
        1503        5703
        1504        5704
        1505        5705
        1506        5706
        1507        5707
        1508        5708
        1509        5709
        1510        5710
        1511        5711
        1512        5712
        1513        5713
        1514        5714
        1515        5715
        1516        5716
        1517        5717
        1518        5718
        1519        5719
        1520        5720
        1521        5721
        1522        5722
        1523        5723
        1524        5724
        1525        5725
        1526        5726
        1527        5727
        1528        5728
        1529        5729
        1530        5730
        1531        5731
        1532        5732
        1533        5733
        1534        5734
        1535        5735
        1536        5736
        1537        5737
        1538        5738
        1539        5739
        1540        5740
        1541        5741
        1542        5742
        1543        5743
        1544        5744
        1545        5745
        1546        5746
        1547        5747
        1548        5748
        1549        5749
        1550        5750
        1551        5751
        1552        5752
        1553        5753
        1554        5754
        1555        5755
        1556        5756
        1557        5757
        1558        5758
        1559        5759
        1560        5760
        1561        5761
        1562        5762
        1563        5763
        1564        5764
        1565        5765
        1566        5766
        1567        5767
        1568        5768
        1569        5769
        1570        5770
        1571        5771
        1572        5772
        1573        5773
        1574        5774
        1575        5775
        1576        5776
        1577        5777
        1578        5778
        1579        5779
        1580        5780
        1581        5781
        1582        5782
        1583        5783
        1584        5784
        1585        5785
        1586        5786
        1587        5787
        1588        5788
        1589        5789
        1590        5790
        1591        5791
        1592        5792
        1593        5793
        1594        5794
        1595        5795
        1596        5796
        1597        5797
        1598        5798
        1599        5799
        1600        5800
        1601        5801
        1602        5802
        1603        5803
        1604        5804
        1605        5805
        1606        5806
        1607        5807
        1608        5808
        1609        5809
        1610        5810
        1611        5811
        1612        5812
        1613        5813
        1614        5814
        1615        5815
        1616        5816
        1617        5817
        1618        5818
        1619        5819
        1620        5820
        1621        5821
        1622        5822
        1623        5823
        1624        5824
        1625        5825
        1626        5826
        1627        5827
        1628        5828
        1629        5829
        1630        5830
        1631        5831
        1632        5832
        1633        5833
        1634        5834
        1635        5835
        1636        5836
        1637        5837
        1638        5838
        1639        5839
        1640        5840
        1641        5841
        1642        5842
        1643        5843
        1644        5844
        1645        5845
        1646        5846
        1647        5847
        1648        5848
        1649        5849
        1650        5850
        1651        5851
        1652        5852
        1653        5853
        1654        5854
        1655        5855
        1656        5856
        1657        5857
        1658        5858
        1659        5859
        1660        5860
        1661        5861
        1662        5862
        1663        5863
        1664        5864
        1665        5865
        1666        5866
        1667        5867
        1668        5868
        1669        5869
        1670        5870
        1671        5871
        1672        5872
        1673        5873
        1674        5874
        1675        5875
        1676        5876
        1677        5877
        1678        5878
        1679        5879
        1680        5880
        1681        5881
        1682        5882
        1683        5883
        1684        5884
        1685        5885
        1686        5886
        1687        5887
        1688        5888
        1689        5889
        1690        5890
        1691        5891
        1692        5892
        1693        5893
        1694        5894
        1695        5895
        1696        5896
        1697        5897
        1698        5898
        1699        5899
        1700        5900
        1701        5901
        1702        5902
        1703        5903
        1704        5904
        1705        5905
        1706        5906
        1707        5907
        1708        5908
        1709        5909
        1710        5910
        1711        5911
        1712        5912
        1713        5913
        1714        5914
        1715        5915
        1716        5916
        1717        5917
        1718        5918
        1719        5919
        1720        5920
        1721        5921
        1722        5922
        1723        5923
        1724        5924
        1725        5925
        1726        5926
        1727        5927
        1728        5928
        1729        5929
        1730        5930
        1731        5931
        1732        5932
        1733        5933
        1734        5934
        1735        5935
        1736        5936
        1737        5937
        1738        5938
        1739        5939
        1740        5940
        1741        5941
        1742        5942
        1743        5943
        1744        5944
        1745        5945
        1746        5946
        1747        5947
        1748        5948
        1749        5949
        1750        5950
        1751        5951
        1752        5952
        1753        5953
        1754        5954
        1755        5955
        1756        5956
        1757        5957
        1758        5958
        1759        5959
        1760        5960
        1761        5961
        1762        5962
        1763        5963
        1764        5964
        1765        5965
        1766        5966
        1767        5967
        1768        5968
        1769        5969
        1770        5970
        1771        5971
        1772        5972
        1773        5973
        1774        5974
        1775        5975
        1776        5976
        1777        5977
        1778        5978
        1779        5979
        1780        5980
        1781        5981
        1782        5982
        1783        5983
        1784        5984
        1785        5985
        1786        5986
        1787        5987
        1788        5988
        1789        5989
        1790        5990
        1791        5991
        1792        5992
        1793        5993
        1794        5994
        1795        5995
        1796        5996
        1797        5997
        1798        5998
        1799        5999
        1800        6000
        1801        6001
        1802        6002
        1803        6003
        1804        6004
        1805        6005
        1806        6006
        1807        6007
        1808        6008
        1809        6009
        1810        6010
        1811        6011
        1812        6012
        1813        6013
        1814        6014
        1815        6015
        1816        6016
        1817        6017
        1818        6018
        1819        6019
        1820        6020
        1821        6021
        1822        6022
        1823        6023
        1824        6024
        1825        6025
        1826        6026
        1827        6027
        1828        6028
        1829        6029
        1830        6030
        1831        6031
        1832        6032
        1833        6033
        1834        6034
        1835        6035
        1836        6036
        1837        6037
        1838        6038
        1839        6039
        1840        6040
        1841        6041
        1842        6042
        1843        6043
        1844        6044
        1845        6045
        1846        6046
        1847        6047
        1848        6048
        1849        6049
        1850        6050
        1851        6051
        1852        6052
        1853        6053
        1854        6054
        1855        6055
        1856        6056
        1857        6057
        1858        6058
        1859        6059
        1860        6060
        1861        6061
        1862        6062
        1863        6063
        1864        6064
        1865        6065
        1866        6066
        1867        6067
        1868        6068
        1869        6069
        1870        6070
        1871        6071
        1872        6072
        1873        6073
        1874        6074
        1875        6075
        1876        6076
        1877        6077
        1878        6078
        1879        6079
        1880        6080
        1881        6081
        1882        6082
        1883        6083
        1884        6084
        1885        6085
        1886        6086
        1887        6087
        1888        6088
        1889        6089
        1890        6090
        1891        6091
        1892        6092
        1893        6093
        1894        6094
        1895        6095
        1896        6096
        1897        6097
        1898        6098
        1899        6099
        1900        6100
        1901        6101
        1902        6102
        1903        6103
        1904        6104
        1905        6105
        1906        6106
        1907        6107
        1908        6108
        1909        6109
        1910        6110
        1911        6111
        1912        6112
        1913        6113
        1914        6114
        1915        6115
        1916        6116
        1917        6117
        1918        6118
        1919        6119
        1920        6120
        1921        6121
        1922        6122
        1923        6123
        1924        6124
        1925        6125
        1926        6126
        1927        6127
        1928        6128
        1929        6129
        1930        6130
        1931        6131
        1932        6132
        1933        6133
        1934        6134
        1935        6135
        1936        6136
        1937        6137
        1938        6138
        1939        6139
        1940        6140
        1941        6141
        1942        6142
        1943        6143
        1944        6144
        1945        6145
        1946        6146
        1947        6147
        1948        6148
        1949        6149
        1950        6150
        1951        6151
        1952        6152
        1953        6153
        1954        6154
        1955        6155
        1956        6156
        1957        6157
        1958        6158
        1959        6159
        1960        6160
        1961        6161
        1962        6162
        1963        6163
        1964        6164
        1965        6165
        1966        6166
        1967        6167
        1968        6168
        1969        6169
        1970        6170
        1971        6171
        1972        6172
        1973        6173
        1974        6174
        1975        6175
        1976        6176
        1977        6177
        1978        6178
        1979        6179
        1980        6180
        1981        6181
        1982        6182
        1983        6183
        1984        6184
        1985        6185
        1986        6186
        1987        6187
        1988        6188
        1989        6189
        1990        6190
        1991        6191
        1992        6192
        1993        6193
        1994        6194
        1995        6195
        1996        6196
        1997        6197
        1998        6198
        1999        6199
        2000        6200
        2001        6201
        2002        6202
        2003        6203
        2004        6204
        2005        6205
        2006        6206
        2007        6207
        2008        6208
        2009        6209
        2010        6210
        2011        6211
        2012        6212
        2013        6213
        2014        6214
        2015        6215
        2016        6216
        2017        6217
        2018        6218
        2019        6219
        2020        6220
        2021        6221
        2022        6222
        2023        6223
        2024        6224
        2025        6225
        2026        6226
        2027        6227
        2028        6228
        2029        6229
        2030        6230
        2031        6231
        2032        6232
        2033        6233
        2034        6234
        2035        6235
        2036        6236
        2037        6237
        2038        6238
        2039        6239
        2040        6240
        2041        6241
        2042        6242
        2043        6243
        2044        6244
        2045        6245
        2046        6246
        2047        6247
