 4.60058E+03   5.24931E-01
 4.60210E+03   5.05456E-01
 4.60363E+03   4.95918E-01
 4.60515E+03   4.93522E-01
 4.60668E+03   4.90462E-01
 4.60820E+03   4.84738E-01
 4.60973E+03   4.73010E-01
 4.61126E+03   4.57586E-01
 4.61279E+03   4.37414E-01
 4.61432E+03   4.17173E-01
 4.61586E+03   3.97850E-01
 4.61739E+03   3.82595E-01
 4.61892E+03   3.72679E-01
 4.62046E+03   3.71242E-01
 4.62200E+03   3.75474E-01
 4.62353E+03   3.87673E-01
 4.62507E+03   4.05004E-01
 4.62661E+03   4.25752E-01
 4.62815E+03   4.50217E-01
 4.62969E+03   4.70136E-01
 4.63124E+03   4.91801E-01
 4.63278E+03   5.13845E-01
 4.63433E+03   5.33943E-01
 4.63587E+03   5.48089E-01
 4.63742E+03   5.67226E-01
 4.63897E+03   5.79534E-01
 4.64051E+03   5.87326E-01
 4.64206E+03   5.87281E-01
 4.64361E+03   5.83078E-01
 4.64517E+03   5.74777E-01
 4.64672E+03   5.67900E-01
 4.64827E+03   5.66646E-01
 4.64983E+03   5.70066E-01
 4.65138E+03   5.82034E-01
 4.65294E+03   5.96876E-01
 4.65450E+03   6.13365E-01
 4.65606E+03   6.29551E-01
 4.65762E+03   6.43341E-01
 4.65918E+03   6.62547E-01
 4.66074E+03   6.86078E-01
 4.66231E+03   7.10623E-01
 4.66387E+03   7.38680E-01
 4.66544E+03   7.75128E-01
 4.66700E+03   8.09409E-01
 4.66857E+03   8.40798E-01
 4.67014E+03   8.89134E-01
 4.67171E+03   9.31944E-01
 4.67328E+03   9.74591E-01
 4.67485E+03   1.01463E+00
 4.67642E+03   1.05963E+00
 4.67800E+03   1.09332E+00
 4.67957E+03   1.13319E+00
 4.68115E+03   1.16405E+00
 4.68273E+03   1.18865E+00
 4.68431E+03   1.22553E+00
 4.68588E+03   1.26220E+00
 4.68746E+03   1.29173E+00
 4.68905E+03   1.33824E+00
 4.69063E+03   1.43144E+00
 4.69221E+03   1.52433E+00
 4.69380E+03   1.61095E+00
 4.69538E+03   1.69884E+00
 4.69697E+03   1.77292E+00
 4.69856E+03   1.83822E+00
 4.70015E+03   1.89141E+00
 4.70174E+03   1.93451E+00
 4.70333E+03   1.98077E+00
 4.70492E+03   2.02553E+00
 4.70651E+03   2.04036E+00
 4.70811E+03   2.04726E+00
 4.70970E+03   2.08302E+00
 4.71130E+03   2.10839E+00
 4.71289E+03   2.12096E+00
 4.71449E+03   2.15726E+00
 4.71609E+03   2.22727E+00
 4.71769E+03   2.32551E+00
 4.71930E+03   2.51781E+00
 4.72090E+03   2.68632E+00
 4.72250E+03   2.70294E+00
 4.72411E+03   2.64483E+00
 4.72571E+03   2.50753E+00
 4.72732E+03   2.24092E+00
 4.72893E+03   1.97647E+00
 4.73054E+03   1.81731E+00
 4.73215E+03   1.68233E+00
 4.73376E+03   1.57456E+00
 4.73537E+03   1.49206E+00
 4.73699E+03   1.44790E+00
 4.73860E+03   1.43059E+00
 4.74022E+03   1.43776E+00
 4.74184E+03   1.43972E+00
 4.74345E+03   1.44459E+00
 4.74507E+03   1.43217E+00
 4.74669E+03   1.39325E+00
 4.74832E+03   1.33486E+00
 4.74994E+03   1.26870E+00
 4.75156E+03   1.20870E+00
 4.75319E+03   1.16258E+00
 4.75481E+03   1.12410E+00
 4.75644E+03   1.10587E+00
 4.75807E+03   1.09865E+00
 4.75970E+03   1.08422E+00
 4.76133E+03   1.06173E+00
 4.76296E+03   1.04941E+00
 4.76459E+03   1.03363E+00
 4.76623E+03   1.01865E+00
 4.76786E+03   1.01729E+00
 4.76950E+03   1.01275E+00
 4.77114E+03   1.02197E+00
 4.77277E+03   1.02453E+00
 4.77441E+03   1.02843E+00
 4.77605E+03   1.02394E+00
 4.77770E+03   1.02631E+00
 4.77934E+03   1.00639E+00
 4.78098E+03   9.87833E-01
 4.78263E+03   9.55851E-01
 4.78427E+03   9.23092E-01
 4.78592E+03   8.85551E-01
 4.78757E+03   8.62247E-01
 4.78922E+03   8.41486E-01
 4.79087E+03   8.39280E-01
 4.79252E+03   8.57568E-01
 4.79418E+03   8.86923E-01
 4.79583E+03   9.68470E-01
 4.79748E+03   1.02955E+00
 4.79914E+03   1.05917E+00
 4.80080E+03   1.06036E+00
 4.80246E+03   1.05555E+00
 4.80412E+03   1.05286E+00
 4.80578E+03   1.00096E+00
 4.80744E+03   9.73180E-01
 4.80910E+03   9.62977E-01
 4.81077E+03   9.58802E-01
 4.81243E+03   9.50190E-01
 4.81410E+03   9.49741E-01
 4.81577E+03   9.62561E-01
 4.81744E+03   9.65702E-01
 4.81911E+03   9.54136E-01
 4.82078E+03   9.57627E-01
 4.82245E+03   9.72836E-01
 4.82413E+03   9.69982E-01
 4.82580E+03   9.71544E-01
 4.82748E+03   9.97803E-01
 4.82915E+03   1.01960E+00
 4.83083E+03   1.03682E+00
 4.83251E+03   1.06544E+00
 4.83419E+03   1.10110E+00
 4.83588E+03   1.12839E+00
 4.83756E+03   1.15271E+00
 4.83924E+03   1.18505E+00
 4.84093E+03   1.21497E+00
 4.84262E+03   1.24218E+00
 4.84430E+03   1.28211E+00
 4.84599E+03   1.33171E+00
 4.84768E+03   1.37416E+00
 4.84937E+03   1.41163E+00
 4.85107E+03   1.43920E+00
 4.85276E+03   1.43811E+00
 4.85445E+03   1.41853E+00
 4.85615E+03   1.38646E+00
 4.85785E+03   1.37542E+00
 4.85955E+03   1.37707E+00
 4.86125E+03   1.39713E+00
 4.86295E+03   1.42913E+00
 4.86465E+03   1.46994E+00
 4.86635E+03   1.49552E+00
 4.86806E+03   1.51429E+00
 4.86976E+03   1.52476E+00
 4.87147E+03   1.53290E+00
 4.87318E+03   1.55117E+00
 4.87489E+03   1.57023E+00
 4.87660E+03   1.59176E+00
 4.87831E+03   1.63338E+00
 4.88002E+03   1.66760E+00
 4.88174E+03   1.68028E+00
 4.88345E+03   1.68589E+00
 4.88517E+03   1.68933E+00
 4.88688E+03   1.67384E+00
 4.88860E+03   1.67270E+00
 4.89032E+03   1.68743E+00
 4.89204E+03   1.70738E+00
 4.89377E+03   1.73347E+00
 4.89549E+03   1.76602E+00
 4.89722E+03   1.78788E+00
 4.89894E+03   1.80065E+00
 4.90067E+03   1.81304E+00
 4.90240E+03   1.80795E+00
 4.90413E+03   1.80640E+00
 4.90586E+03   1.84118E+00
 4.90759E+03   1.83931E+00
 4.90932E+03   1.82982E+00
 4.91106E+03   1.83094E+00
 4.91279E+03   1.81107E+00
 4.91453E+03   1.79655E+00
 4.91627E+03   1.78089E+00
 4.91801E+03   1.77594E+00
 4.91975E+03   1.76550E+00
 4.92149E+03   1.75869E+00
 4.92324E+03   1.76137E+00
 4.92498E+03   1.76157E+00
 4.92673E+03   1.73946E+00
 4.92847E+03   1.72800E+00
 4.93022E+03   1.69981E+00
 4.93197E+03   1.65421E+00
 4.93372E+03   1.60263E+00
 4.93547E+03   1.58065E+00
 4.93723E+03   1.54627E+00
 4.93898E+03   1.54321E+00
 4.94074E+03   1.53239E+00
 4.94249E+03   1.52537E+00
 4.94425E+03   1.49020E+00
 4.94601E+03   1.46356E+00
 4.94777E+03   1.40182E+00
 4.94953E+03   1.35108E+00
 4.95130E+03   1.30999E+00
 4.95306E+03   1.29140E+00
 4.95483E+03   1.26814E+00
 4.95659E+03   1.27773E+00
 4.95836E+03   1.28149E+00
 4.96013E+03   1.27756E+00
 4.96190E+03   1.26602E+00
 4.96367E+03   1.25065E+00
 4.96545E+03   1.22106E+00
 4.96722E+03   1.19525E+00
 4.96900E+03   1.16391E+00
 4.97077E+03   1.12233E+00
 4.97255E+03   1.08494E+00
 4.97433E+03   1.05407E+00
 4.97611E+03   1.03091E+00
 4.97790E+03   1.01592E+00
 4.97968E+03   1.01741E+00
 4.98146E+03   1.02294E+00
 4.98325E+03   1.02297E+00
 4.98504E+03   1.02240E+00
 4.98683E+03   1.01986E+00
 4.98862E+03   1.01448E+00
 4.99041E+03   9.99407E-01
 4.99220E+03   9.98613E-01
 4.99399E+03   9.88244E-01
 4.99579E+03   9.80274E-01
 4.99758E+03   9.70466E-01
 4.99938E+03   9.72130E-01
 5.00118E+03   9.58325E-01
 5.00298E+03   9.47482E-01
 5.00478E+03   9.37846E-01
 5.00659E+03   9.32336E-01
 5.00839E+03   9.10425E-01
 5.01019E+03   8.92752E-01
 5.01200E+03   8.77444E-01
 5.01381E+03   8.66864E-01
 5.01562E+03   8.47542E-01
 5.01743E+03   8.38729E-01
 5.01924E+03   8.39393E-01
 5.02105E+03   8.63597E-01
 5.02287E+03   8.56066E-01
 5.02468E+03   8.64898E-01
 5.02650E+03   8.80663E-01
 5.02832E+03   8.83207E-01
 5.03014E+03   8.67363E-01
 5.03196E+03   8.62647E-01
 5.03378E+03   8.38220E-01
 5.03561E+03   8.18197E-01
 5.03743E+03   8.06119E-01
 5.03926E+03   8.05577E-01
 5.04109E+03   8.05702E-01
 5.04291E+03   8.17248E-01
 5.04474E+03   8.19862E-01
 5.04658E+03   8.19773E-01
 5.04841E+03   8.16257E-01
 5.05024E+03   8.06266E-01
 5.05208E+03   7.90472E-01
 5.05392E+03   7.72022E-01
 5.05576E+03   7.50130E-01
 5.05760E+03   7.30804E-01
 5.05944E+03   7.18871E-01
 5.06128E+03   7.05434E-01
 5.06312E+03   6.92018E-01
 5.06497E+03   6.83728E-01
 5.06681E+03   6.77312E-01
 5.06866E+03   6.71097E-01
 5.07051E+03   6.71597E-01
 5.07236E+03   6.83874E-01
 5.07421E+03   6.99573E-01
 5.07607E+03   7.19557E-01
 5.07792E+03   7.40668E-01
 5.07978E+03   7.64110E-01
 5.08163E+03   7.82205E-01
 5.08349E+03   7.84199E-01
 5.08535E+03   7.78709E-01
 5.08721E+03   7.63392E-01
 5.08908E+03   7.45806E-01
 5.09094E+03   7.23008E-01
 5.09281E+03   7.16837E-01
 5.09467E+03   7.12159E-01
 5.09654E+03   7.17530E-01
 5.09841E+03   7.18214E-01
 5.10028E+03   7.25187E-01
 5.10215E+03   7.27508E-01
 5.10403E+03   7.26202E-01
 5.10590E+03   7.20643E-01
 5.10778E+03   7.24555E-01
 5.10966E+03   7.23383E-01
 5.11153E+03   7.23164E-01
 5.11341E+03   7.30288E-01
 5.11530E+03   7.40333E-01
 5.11718E+03   7.37478E-01
 5.11906E+03   7.37953E-01
 5.12095E+03   7.35345E-01
 5.12284E+03   7.27202E-01
 5.12473E+03   7.18571E-01
 5.12662E+03   7.15328E-01
 5.12851E+03   7.07321E-01
 5.13040E+03   6.94764E-01
 5.13230E+03   6.85723E-01
 5.13419E+03   6.69432E-01
 5.13609E+03   6.51410E-01
 5.13799E+03   6.41051E-01
 5.13989E+03   6.35414E-01
 5.14179E+03   6.50563E-01
 5.14369E+03   6.47562E-01
 5.14560E+03   6.52630E-01
 5.14750E+03   6.48526E-01
 5.14941E+03   6.48106E-01
 5.15132E+03   6.39336E-01
 5.15323E+03   6.28671E-01
 5.15514E+03   6.12851E-01
 5.15705E+03   6.05734E-01
 5.15897E+03   5.95497E-01
 5.16088E+03   5.89247E-01
 5.16280E+03   5.81019E-01
 5.16472E+03   5.71009E-01
 5.16664E+03   5.57397E-01
 5.16856E+03   5.43587E-01
 5.17048E+03   5.32874E-01
 5.17240E+03   5.29172E-01
 5.17433E+03   5.27699E-01
 5.17626E+03   5.29772E-01
 5.17819E+03   5.29021E-01
 5.18012E+03   5.25112E-01
 5.18205E+03   5.16000E-01
 5.18398E+03   5.07541E-01
 5.18591E+03   4.96437E-01
 5.18785E+03   4.85457E-01
 5.18979E+03   4.75768E-01
 5.19173E+03   4.70240E-01
 5.19367E+03   4.67170E-01
 5.19561E+03   4.63313E-01
 5.19755E+03   4.60896E-01
 5.19949E+03   4.59668E-01
 5.20144E+03   4.53979E-01
 5.20339E+03   4.43833E-01
 5.20534E+03   4.34999E-01
 5.20729E+03   4.27304E-01
 5.20924E+03   4.17324E-01
 5.21119E+03   4.12265E-01
 5.21315E+03   4.17651E-01
 5.21510E+03   4.27408E-01
 5.21706E+03   4.39718E-01
 5.21902E+03   4.56544E-01
 5.22098E+03   4.75100E-01
 5.22294E+03   4.81957E-01
 5.22490E+03   4.78009E-01
 5.22687E+03   4.74706E-01
 5.22883E+03   4.68555E-01
 5.23080E+03   4.56394E-01
 5.23277E+03   4.48320E-01
 5.23474E+03   4.46446E-01
 5.23672E+03   4.44282E-01
 5.23869E+03   4.45206E-01
 5.24066E+03   4.53393E-01
 5.24264E+03   4.64345E-01
 5.24462E+03   4.78609E-01
 5.24660E+03   4.88642E-01
 5.24858E+03   4.91824E-01
 5.25056E+03   4.89451E-01
 5.25255E+03   4.82819E-01
 5.25453E+03   4.75927E-01
 5.25652E+03   4.70136E-01
 5.25851E+03   4.71483E-01
 5.26050E+03   4.76144E-01
 5.26249E+03   4.83098E-01
 5.26448E+03   4.87941E-01
 5.26648E+03   4.91648E-01
 5.26848E+03   5.00884E-01
 5.27047E+03   5.02298E-01
 5.27247E+03   5.04177E-01
 5.27447E+03   5.06550E-01
 5.27647E+03   5.08573E-01
 5.27848E+03   5.08539E-01
 5.28048E+03   5.08969E-01
 5.28249E+03   5.05822E-01
 5.28450E+03   4.97963E-01
 5.28651E+03   4.91021E-01
 5.28852E+03   4.82223E-01
 5.29053E+03   4.72969E-01
 5.29255E+03   4.63409E-01
 5.29456E+03   4.58830E-01
 5.29658E+03   4.53435E-01
 5.29860E+03   4.53303E-01
 5.30062E+03   4.47626E-01
 5.30264E+03   4.44794E-01
 5.30467E+03   4.40392E-01
 5.30669E+03   4.39204E-01
 5.30872E+03   4.31753E-01
 5.31075E+03   4.31011E-01
 5.31278E+03   4.32588E-01
 5.31481E+03   4.31492E-01
 5.31684E+03   4.27579E-01
 5.31888E+03   4.28959E-01
 5.32091E+03   4.28596E-01
 5.32295E+03   4.26810E-01
 5.32499E+03   4.38818E-01
 5.32703E+03   4.50486E-01
 5.32907E+03   4.58133E-01
 5.33112E+03   4.61807E-01
 5.33316E+03   4.64543E-01
 5.33521E+03   4.54769E-01
 5.33726E+03   4.46456E-01
 5.33931E+03   4.40706E-01
 5.34136E+03   4.42836E-01
 5.34342E+03   4.44194E-01
 5.34547E+03   4.48068E-01
 5.34753E+03   4.49689E-01
 5.34959E+03   4.46079E-01
 5.35165E+03   4.36659E-01
 5.35371E+03   4.28150E-01
 5.35577E+03   4.21828E-01
 5.35783E+03   4.18089E-01
 5.35990E+03   4.20102E-01
 5.36197E+03   4.25132E-01
 5.36404E+03   4.29158E-01
 5.36611E+03   4.28589E-01
 5.36818E+03   4.25996E-01
 5.37025E+03   4.21475E-01
 5.37233E+03   4.16002E-01
 5.37441E+03   4.11535E-01
 5.37649E+03   4.10146E-01
 5.37857E+03   4.10630E-01
 5.38065E+03   4.13652E-01
 5.38273E+03   4.19323E-01
 5.38482E+03   4.25201E-01
 5.38691E+03   4.27857E-01
 5.38899E+03   4.32766E-01
 5.39108E+03   4.34269E-01
 5.39318E+03   4.27879E-01
 5.39527E+03   4.18871E-01
 5.39737E+03   4.13539E-01
 5.39946E+03   4.03515E-01
 5.40156E+03   4.01798E-01
 5.40366E+03   4.00072E-01
 5.40576E+03   3.98077E-01
 5.40787E+03   3.97182E-01
 5.40997E+03   3.99757E-01
 5.41208E+03   4.04064E-01
 5.41418E+03   4.04477E-01
 5.41630E+03   4.08343E-01
 5.41841E+03   4.08116E-01
 5.42052E+03   4.07033E-01
 5.42263E+03   4.07631E-01
 5.42475E+03   4.11246E-01
 5.42687E+03   4.12810E-01
 5.42899E+03   4.15243E-01
 5.43111E+03   4.15225E-01
 5.43323E+03   4.12158E-01
 5.43536E+03   4.09108E-01
 5.43748E+03   4.03503E-01
 5.43961E+03   3.99669E-01
 5.44174E+03   3.97536E-01
 5.44387E+03   3.97290E-01
 5.44601E+03   3.97701E-01
 5.44814E+03   4.01541E-01
 5.45028E+03   4.02671E-01
 5.45241E+03   4.02530E-01
 5.45455E+03   4.08553E-01
 5.45670E+03   4.11723E-01
 5.45884E+03   4.13703E-01
 5.46098E+03   4.17743E-01
 5.46313E+03   4.24585E-01
 5.46528E+03   4.26782E-01
 5.46743E+03   4.33921E-01
 5.46958E+03   4.42140E-01
 5.47173E+03   4.51143E-01
 5.47389E+03   4.58668E-01
 5.47605E+03   4.64539E-01
 5.47820E+03   4.68350E-01
 5.48036E+03   4.70553E-01
 5.48253E+03   4.73177E-01
 5.48469E+03   4.77213E-01
 5.48685E+03   4.92052E-01
 5.48902E+03   5.05909E-01
 5.49119E+03   5.24072E-01
 5.49336E+03   5.39786E-01
 5.49553E+03   5.49865E-01
 5.49771E+03   5.48528E-01
 5.49988E+03   5.47188E-01
 5.50206E+03   5.36783E-01
 5.50424E+03   5.28181E-01
 5.50642E+03   5.23860E-01
 5.50860E+03   5.18499E-01
 5.51078E+03   5.15816E-01
 5.51297E+03   5.21241E-01
 5.51516E+03   5.29318E-01
 5.51735E+03   5.38065E-01
 5.51954E+03   5.45828E-01
 5.52173E+03   5.50037E-01
 5.52392E+03   5.49767E-01
 5.52612E+03   5.46067E-01
 5.52832E+03   5.47937E-01
 5.53052E+03   5.57064E-01
 5.53272E+03   5.62052E-01
 5.53492E+03   5.70278E-01
 5.53713E+03   5.76717E-01
 5.53934E+03   5.75888E-01
 5.54154E+03   5.80877E-01
 5.54375E+03   5.88580E-01
 5.54597E+03   5.95794E-01
 5.54818E+03   6.07221E-01
 5.55040E+03   6.24674E-01
 5.55261E+03   6.39345E-01
 5.55483E+03   6.51583E-01
 5.55705E+03   6.58174E-01
 5.55928E+03   6.62691E-01
 5.56150E+03   6.61168E-01
 5.56373E+03   6.62154E-01
 5.56595E+03   6.61907E-01
 5.56818E+03   6.67376E-01
 5.57042E+03   6.70837E-01
 5.57265E+03   6.78998E-01
 5.57488E+03   6.78738E-01
 5.57712E+03   6.82192E-01
 5.57936E+03   6.88549E-01
 5.58160E+03   6.90603E-01
 5.58384E+03   6.83397E-01
 5.58609E+03   6.88636E-01
 5.58833E+03   6.85263E-01
 5.59058E+03   6.68510E-01
 5.59283E+03   6.51584E-01
 5.59508E+03   6.46636E-01
 5.59733E+03   6.34286E-01
 5.59959E+03   6.30109E-01
 5.60185E+03   6.34413E-01
 5.60410E+03   6.40786E-01
 5.60637E+03   6.39286E-01
 5.60863E+03   6.35768E-01
 5.61089E+03   6.27513E-01
 5.61316E+03   6.15141E-01
 5.61543E+03   6.00906E-01
 5.61770E+03   5.81143E-01
 5.61997E+03   5.61383E-01
 5.62224E+03   5.45833E-01
 5.62452E+03   5.35222E-01
 5.62679E+03   5.23823E-01
 5.62907E+03   5.22571E-01
 5.63135E+03   5.23199E-01
 5.63363E+03   5.19596E-01
 5.63592E+03   5.11822E-01
 5.63821E+03   5.06230E-01
 5.64049E+03   4.91291E-01
 5.64278E+03   4.73494E-01
 5.64507E+03   4.56903E-01
 5.64737E+03   4.43309E-01
 5.64966E+03   4.33435E-01
 5.65196E+03   4.33805E-01
 5.65426E+03   4.39082E-01
 5.65656E+03   4.45268E-01
 5.65886E+03   4.51473E-01
 5.66117E+03   4.60948E-01
 5.66348E+03   4.63322E-01
 5.66579E+03   4.58879E-01
 5.66810E+03   4.49484E-01
 5.67041E+03   4.39789E-01
 5.67272E+03   4.22603E-01
 5.67504E+03   4.05655E-01
 5.67736E+03   3.94994E-01
 5.67968E+03   3.91467E-01
 5.68200E+03   3.86593E-01
 5.68432E+03   3.87735E-01
 5.68665E+03   3.96304E-01
 5.68898E+03   4.07573E-01
 5.69130E+03   4.01692E-01
 5.69364E+03   3.98946E-01
 5.69597E+03   3.92837E-01
 5.69830E+03   3.81558E-01
 5.70064E+03   3.76058E-01
 5.70298E+03   3.76449E-01
 5.70532E+03   3.73516E-01
 5.70767E+03   3.69854E-01
 5.71001E+03   3.70715E-01
 5.71236E+03   3.69455E-01
 5.71471E+03   3.68390E-01
 5.71706E+03   3.71826E-01
 5.71941E+03   3.76871E-01
 5.72176E+03   3.77164E-01
 5.72412E+03   3.80361E-01
 5.72648E+03   3.82565E-01
 5.72884E+03   3.82308E-01
 5.73120E+03   3.81665E-01
 5.73356E+03   3.87170E-01
 5.73593E+03   3.90268E-01
 5.73830E+03   3.94397E-01
 5.74067E+03   4.02706E-01
 5.74304E+03   4.08487E-01
 5.74541E+03   4.12560E-01
 5.74779E+03   4.18682E-01
 5.75017E+03   4.25050E-01
 5.75255E+03   4.27812E-01
 5.75493E+03   4.34634E-01
 5.75731E+03   4.36521E-01
 5.75970E+03   4.36858E-01
 5.76209E+03   4.34623E-01
 5.76448E+03   4.32391E-01
 5.76687E+03   4.29181E-01
 5.76926E+03   4.29975E-01
 5.77166E+03   4.28631E-01
 5.77406E+03   4.28048E-01
 5.77646E+03   4.23981E-01
 5.77886E+03   4.19520E-01
 5.78126E+03   4.13315E-01
 5.78367E+03   4.08461E-01
 5.78607E+03   4.05668E-01
 5.78848E+03   4.05854E-01
 5.79090E+03   4.05318E-01
 5.79331E+03   4.06859E-01
 5.79573E+03   4.12006E-01
 5.79814E+03   4.15900E-01
 5.80056E+03   4.21412E-01
 5.80298E+03   4.30260E-01
 5.80541E+03   4.36655E-01
 5.80783E+03   4.37164E-01
 5.81026E+03   4.34872E-01
 5.81269E+03   4.30783E-01
 5.81512E+03   4.23716E-01
 5.81756E+03   4.20378E-01
 5.81999E+03   4.21773E-01
 5.82243E+03   4.29142E-01
 5.82487E+03   4.37430E-01
 5.82731E+03   4.47374E-01
 5.82976E+03   4.55990E-01
 5.83220E+03   4.65193E-01
 5.83465E+03   4.74680E-01
 5.83710E+03   4.85322E-01
 5.83956E+03   4.94483E-01
 5.84201E+03   5.03907E-01
 5.84447E+03   5.23961E-01
 5.84693E+03   5.25385E-01
 5.84939E+03   5.25980E-01
 5.85185E+03   5.21678E-01
 5.85431E+03   5.14478E-01
 5.85678E+03   5.08101E-01
 5.85925E+03   5.02809E-01
 5.86172E+03   4.96927E-01
 5.86419E+03   4.96302E-01
 5.86667E+03   4.98988E-01
 5.86915E+03   5.01279E-01
 5.87163E+03   5.04113E-01
 5.87411E+03   5.13533E-01
 5.87659E+03   5.22885E-01
 5.87908E+03   5.31075E-01
 5.88156E+03   5.38830E-01
 5.88405E+03   5.45347E-01
 5.88655E+03   5.42580E-01
 5.88904E+03   5.35951E-01
 5.89154E+03   5.27507E-01
 5.89403E+03   5.12420E-01
 5.89653E+03   4.96058E-01
 5.89904E+03   4.84583E-01
 5.90154E+03   4.72763E-01
 5.90405E+03   4.60831E-01
 5.90656E+03   4.58601E-01
 5.90907E+03   4.52553E-01
 5.91158E+03   4.44578E-01
 5.91410E+03   4.36914E-01
 5.91662E+03   4.33227E-01
 5.91914E+03   4.27537E-01
 5.92166E+03   4.27381E-01
 5.92418E+03   4.25148E-01
 5.92671E+03   4.28038E-01
 5.92924E+03   4.25044E-01
 5.93177E+03   4.20735E-01
 5.93430E+03   4.16933E-01
 5.93683E+03   4.17330E-01
 5.93937E+03   4.16412E-01
 5.94191E+03   4.21056E-01
 5.94445E+03   4.24721E-01
 5.94699E+03   4.27261E-01
 5.94954E+03   4.23847E-01
 5.95209E+03   4.11040E-01
 5.95464E+03   3.93155E-01
 5.95719E+03   3.73995E-01
 5.95974E+03   3.52540E-01
 5.96230E+03   3.35863E-01
 5.96486E+03   3.29362E-01
 5.96742E+03   3.26557E-01
 5.96998E+03   3.26267E-01
 5.97255E+03   3.29510E-01
 5.97512E+03   3.34454E-01
 5.97769E+03   3.36588E-01
 5.98026E+03   3.36663E-01
 5.98283E+03   3.38787E-01
 5.98541E+03   3.38892E-01
 5.98799E+03   3.35114E-01
 5.99057E+03   3.33820E-01
 5.99315E+03   3.34041E-01
 5.99574E+03   3.29007E-01
 5.99832E+03   3.26973E-01
