#  x               y               error(y)
   3.600000e+03    2.941934e+11    0.000000e+00
   3.601000e+03    2.947401e+11    0.000000e+00
   3.602000e+03    2.951598e+11    0.000000e+00
   3.603000e+03    2.952940e+11    0.000000e+00
   3.604000e+03    2.951377e+11    0.000000e+00
   3.605000e+03    2.948056e+11    0.000000e+00
   3.606000e+03    2.943275e+11    0.000000e+00
   3.607000e+03    2.936402e+11    0.000000e+00
   3.608000e+03    2.927749e+11    0.000000e+00
   3.609000e+03    2.918761e+11    0.000000e+00
   3.610000e+03    2.909487e+11    0.000000e+00
   3.611000e+03    2.900201e+11    0.000000e+00
   3.612000e+03    2.890825e+11    0.000000e+00
   3.613000e+03    2.881474e+11    0.000000e+00
   3.614000e+03    2.873075e+11    0.000000e+00
   3.615000e+03    2.864837e+11    0.000000e+00
   3.616000e+03    2.855389e+11    0.000000e+00
   3.617000e+03    2.844580e+11    0.000000e+00
   3.618000e+03    2.832064e+11    0.000000e+00
   3.619000e+03    2.817710e+11    0.000000e+00
   3.620000e+03    2.801167e+11    0.000000e+00
   3.621000e+03    2.787074e+11    0.000000e+00
   3.622000e+03    2.776847e+11    0.000000e+00
   3.623000e+03    2.770324e+11    0.000000e+00
   3.624000e+03    2.768490e+11    0.000000e+00
   3.625000e+03    2.767692e+11    0.000000e+00
   3.626000e+03    2.766973e+11    0.000000e+00
   3.627000e+03    2.768069e+11    0.000000e+00
   3.628000e+03    2.771912e+11    0.000000e+00
   3.629000e+03    2.779590e+11    0.000000e+00
   3.630000e+03    2.790073e+11    0.000000e+00
   3.631000e+03    2.799728e+11    0.000000e+00
   3.632000e+03    2.806792e+11    0.000000e+00
   3.633000e+03    2.809167e+11    0.000000e+00
   3.634000e+03    2.807771e+11    0.000000e+00
   3.635000e+03    2.805118e+11    0.000000e+00
   3.636000e+03    2.802789e+11    0.000000e+00
   3.637000e+03    2.806232e+11    0.000000e+00
   3.638000e+03    2.813593e+11    0.000000e+00
   3.639000e+03    2.821210e+11    0.000000e+00
   3.640000e+03    2.828286e+11    0.000000e+00
   3.641000e+03    2.833483e+11    0.000000e+00
   3.642000e+03    2.838252e+11    0.000000e+00
   3.643000e+03    2.843046e+11    0.000000e+00
   3.644000e+03    2.847196e+11    0.000000e+00
   3.645000e+03    2.850356e+11    3.561389e+10
   3.646000e+03    2.852728e+11    3.567310e+10
   3.647000e+03    2.854267e+11    3.595125e+10
   3.648000e+03    2.852054e+11    3.710692e+10
   3.649000e+03    2.847686e+11    3.887187e+10
   3.650000e+03    2.842824e+11    4.097222e+10
   3.651000e+03    2.839453e+11    4.305086e+10
   3.652000e+03    2.839641e+11    4.472075e+10
   3.653000e+03    2.841789e+11    4.629747e+10
   3.654000e+03    2.845733e+11    4.781715e+10
   3.655000e+03    2.851014e+11    4.940261e+10
   3.656000e+03    2.856817e+11    5.126265e+10
   3.657000e+03    2.863862e+11    5.336681e+10
   3.658000e+03    2.873119e+11    5.562527e+10
   3.659000e+03    2.889019e+11    5.720818e+10
   3.660000e+03    2.913335e+11    5.782652e+10
   3.661000e+03    2.947564e+11    5.724967e+10
   3.662000e+03    2.990137e+11    5.587801e+10
   3.663000e+03    3.037924e+11    5.440079e+10
   3.664000e+03    3.087323e+11    5.357303e+10
   3.665000e+03    3.138442e+11    5.336057e+10
   3.666000e+03    3.188404e+11    5.428810e+10
   3.667000e+03    3.236873e+11    5.595647e+10
   3.668000e+03    3.290011e+11    5.752654e+10
   3.669000e+03    3.347086e+11    5.912232e+10
   3.670000e+03    3.408599e+11    6.018502e+10
   3.671000e+03    3.475264e+11    6.052524e+10
   3.672000e+03    3.550542e+11    6.028379e+10
   3.673000e+03    3.634184e+11    5.879162e+10
   3.674000e+03    3.723831e+11    5.692556e+10
   3.675000e+03    3.818561e+11    5.484384e+10
   3.676000e+03    3.911693e+11    5.162363e+10
   3.677000e+03    4.002485e+11    4.829309e+10
   3.678000e+03    4.095082e+11    4.391700e+10
   3.679000e+03    4.185694e+11    3.911172e+10
   3.680000e+03    4.269292e+11    3.477528e+10
   3.681000e+03    4.339574e+11    3.208783e+10
   3.682000e+03    4.395940e+11    3.108692e+10
   3.683000e+03    4.437561e+11    3.185417e+10
   3.684000e+03    4.467629e+11    3.363686e+10
   3.685000e+03    4.489642e+11    3.562467e+10
   3.686000e+03    4.502390e+11    3.792612e+10
   3.687000e+03    4.507992e+11    3.998449e+10
   3.688000e+03    4.508372e+11    4.136653e+10
   3.689000e+03    4.503948e+11    4.196198e+10
   3.690000e+03    4.492620e+11    4.217948e+10
   3.691000e+03    4.471874e+11    4.253622e+10
   3.692000e+03    4.442515e+11    4.294378e+10
   3.693000e+03    4.404471e+11    4.351521e+10
   3.694000e+03    4.359109e+11    4.408812e+10
   3.695000e+03    4.306787e+11    4.472475e+10
   3.696000e+03    4.249318e+11    4.518127e+10
   3.697000e+03    4.189561e+11    4.502941e+10
   3.698000e+03    4.126353e+11    4.471100e+10
   3.699000e+03    4.057728e+11    4.481506e+10
   3.700000e+03    3.982508e+11    4.573163e+10
   3.701000e+03    3.902358e+11    4.721178e+10
   3.702000e+03    3.816803e+11    4.941980e+10
   3.703000e+03    3.729719e+11    5.162656e+10
   3.704000e+03    3.642980e+11    5.353373e+10
   3.705000e+03    3.560693e+11    5.444185e+10
   3.706000e+03    3.485929e+11    5.438784e+10
   3.707000e+03    3.413713e+11    5.413124e+10
   3.708000e+03    3.343391e+11    5.380839e+10
   3.709000e+03    3.276764e+11    5.356613e+10
   3.710000e+03    3.214708e+11    5.341677e+10
   3.711000e+03    3.155508e+11    5.268744e+10
   3.712000e+03    3.100014e+11    5.160126e+10
   3.713000e+03    3.049092e+11    5.023623e+10
   3.714000e+03    3.003277e+11    4.850824e+10
   3.715000e+03    2.962652e+11    4.640820e+10
   3.716000e+03    2.924971e+11    4.439249e+10
   3.717000e+03    2.884487e+11    4.363322e+10
   3.718000e+03    2.840977e+11    4.419172e+10
   3.719000e+03    2.796986e+11    4.554145e+10
   3.720000e+03    2.758371e+11    4.646917e+10
   3.721000e+03    2.726678e+11    0.000000e+00
   3.722000e+03    2.704623e+11    0.000000e+00
   3.723000e+03    2.689546e+11    0.000000e+00
   3.724000e+03    2.675934e+11    0.000000e+00
   3.725000e+03    2.664104e+11    0.000000e+00
   3.726000e+03    2.653504e+11    0.000000e+00
   3.727000e+03    2.642720e+11    0.000000e+00
   3.728000e+03    2.630853e+11    0.000000e+00
   3.729000e+03    2.618808e+11    0.000000e+00
   3.730000e+03    2.607313e+11    0.000000e+00
   3.731000e+03    2.596526e+11    0.000000e+00
   3.732000e+03    2.585732e+11    0.000000e+00
   3.733000e+03    2.576016e+11    0.000000e+00
   3.734000e+03    2.568313e+11    0.000000e+00
   3.735000e+03    2.562513e+11    0.000000e+00
   3.736000e+03    2.557119e+11    0.000000e+00
   3.737000e+03    2.550149e+11    0.000000e+00
   3.738000e+03    2.543359e+11    0.000000e+00
   3.739000e+03    2.537169e+11    0.000000e+00
   3.740000e+03    2.529135e+11    0.000000e+00
   3.741000e+03    2.518948e+11    0.000000e+00
   3.742000e+03    2.506313e+11    0.000000e+00
   3.743000e+03    2.491036e+11    0.000000e+00
   3.744000e+03    2.473200e+11    0.000000e+00
   3.745000e+03    2.453285e+11    0.000000e+00
   3.746000e+03    2.432098e+11    0.000000e+00
   3.747000e+03    2.411009e+11    0.000000e+00
   3.748000e+03    2.391003e+11    0.000000e+00
   3.749000e+03    2.372941e+11    0.000000e+00
   3.750000e+03    2.356651e+11    0.000000e+00
   3.751000e+03    2.341710e+11    0.000000e+00
   3.752000e+03    2.327844e+11    0.000000e+00
   3.753000e+03    2.314846e+11    0.000000e+00
   3.754000e+03    2.304073e+11    0.000000e+00
   3.755000e+03    2.296605e+11    0.000000e+00
   3.756000e+03    2.292757e+11    0.000000e+00
   3.757000e+03    2.291384e+11    0.000000e+00
   3.758000e+03    2.292079e+11    0.000000e+00
   3.759000e+03    2.293987e+11    0.000000e+00
   3.760000e+03    2.296561e+11    0.000000e+00
   3.761000e+03    2.299553e+11    0.000000e+00
   3.762000e+03    2.301372e+11    0.000000e+00
   3.763000e+03    2.301426e+11    0.000000e+00
   3.764000e+03    2.299852e+11    0.000000e+00
   3.765000e+03    2.298368e+11    0.000000e+00
   3.766000e+03    2.297770e+11    0.000000e+00
   3.767000e+03    2.298477e+11    0.000000e+00
   3.768000e+03    2.301324e+11    0.000000e+00
   3.769000e+03    2.306476e+11    0.000000e+00
   3.770000e+03    2.312415e+11    0.000000e+00
   3.771000e+03    2.319208e+11    0.000000e+00
   3.772000e+03    2.324836e+11    0.000000e+00
   3.773000e+03    2.328707e+11    0.000000e+00
   3.774000e+03    2.330138e+11    0.000000e+00
   3.775000e+03    2.329065e+11    0.000000e+00
   3.776000e+03    2.325990e+11    0.000000e+00
   3.777000e+03    2.320267e+11    0.000000e+00
   3.778000e+03    2.312329e+11    0.000000e+00
   3.779000e+03    2.302727e+11    0.000000e+00
   3.780000e+03    2.292031e+11    0.000000e+00
   3.781000e+03    2.281110e+11    0.000000e+00
   3.782000e+03    2.270799e+11    0.000000e+00
   3.783000e+03    2.263969e+11    0.000000e+00
   3.784000e+03    2.260963e+11    0.000000e+00
   3.785000e+03    2.261036e+11    0.000000e+00
   3.786000e+03    2.263890e+11    0.000000e+00
   3.787000e+03    2.268039e+11    0.000000e+00
   3.788000e+03    2.272785e+11    0.000000e+00
   3.789000e+03    2.278016e+11    0.000000e+00
   3.790000e+03    2.283371e+11    0.000000e+00
   3.791000e+03    2.288966e+11    0.000000e+00
   3.792000e+03    2.293826e+11    0.000000e+00
   3.793000e+03    2.297796e+11    0.000000e+00
   3.794000e+03    2.302243e+11    0.000000e+00
   3.795000e+03    2.306776e+11    0.000000e+00
   3.796000e+03    2.311802e+11    0.000000e+00
   3.797000e+03    2.317381e+11    0.000000e+00
   3.798000e+03    2.323203e+11    0.000000e+00
   3.799000e+03    2.328520e+11    0.000000e+00
   3.800000e+03    2.331813e+11    0.000000e+00
   3.801000e+03    2.333125e+11    0.000000e+00
   3.802000e+03    2.333644e+11    0.000000e+00
   3.803000e+03    2.333604e+11    0.000000e+00
   3.804000e+03    2.333220e+11    0.000000e+00
   3.805000e+03    2.332055e+11    0.000000e+00
   3.806000e+03    2.329766e+11    0.000000e+00
   3.807000e+03    2.325449e+11    0.000000e+00
   3.808000e+03    2.318880e+11    0.000000e+00
   3.809000e+03    2.310269e+11    0.000000e+00
   3.810000e+03    2.299519e+11    0.000000e+00
   3.811000e+03    2.286720e+11    0.000000e+00
   3.812000e+03    2.272407e+11    0.000000e+00
   3.813000e+03    2.256748e+11    0.000000e+00
   3.814000e+03    2.239716e+11    0.000000e+00
   3.815000e+03    2.222386e+11    0.000000e+00
   3.816000e+03    2.206192e+11    0.000000e+00
   3.817000e+03    2.191704e+11    0.000000e+00
   3.818000e+03    2.179484e+11    0.000000e+00
   3.819000e+03    2.170541e+11    0.000000e+00
   3.820000e+03    2.165299e+11    0.000000e+00
   3.821000e+03    2.163494e+11    0.000000e+00
   3.822000e+03    2.163358e+11    0.000000e+00
   3.823000e+03    2.165675e+11    0.000000e+00
   3.824000e+03    2.169741e+11    0.000000e+00
   3.825000e+03    2.174782e+11    0.000000e+00
   3.826000e+03    2.180727e+11    0.000000e+00
   3.827000e+03    2.187040e+11    0.000000e+00
   3.828000e+03    2.192600e+11    0.000000e+00
   3.829000e+03    2.197648e+11    0.000000e+00
   3.830000e+03    2.201920e+11    0.000000e+00
   3.831000e+03    2.206230e+11    0.000000e+00
   3.832000e+03    2.211603e+11    0.000000e+00
   3.833000e+03    2.217501e+11    0.000000e+00
   3.834000e+03    2.223385e+11    0.000000e+00
   3.835000e+03    2.228657e+11    0.000000e+00
   3.836000e+03    2.233109e+11    0.000000e+00
   3.837000e+03    2.236706e+11    0.000000e+00
   3.838000e+03    2.240207e+11    0.000000e+00
   3.839000e+03    2.244186e+11    0.000000e+00
   3.840000e+03    2.248776e+11    2.970608e+10
   3.841000e+03    2.254436e+11    2.975509e+10
   3.842000e+03    2.260992e+11    2.964214e+10
   3.843000e+03    2.267750e+11    2.953021e+10
   3.844000e+03    2.274968e+11    2.939185e+10
   3.845000e+03    2.282342e+11    2.930844e+10
   3.846000e+03    2.288636e+11    2.954629e+10
   3.847000e+03    2.293922e+11    3.010389e+10
   3.848000e+03    2.298882e+11    3.084396e+10
   3.849000e+03    2.304126e+11    3.163891e+10
   3.850000e+03    2.310009e+11    3.240698e+10
   3.851000e+03    2.316877e+11    3.306417e+10
   3.852000e+03    2.324747e+11    3.360147e+10
   3.853000e+03    2.334235e+11    3.389692e+10
   3.854000e+03    2.345261e+11    3.395938e+10
   3.855000e+03    2.357616e+11    3.381414e+10
   3.856000e+03    2.370896e+11    3.352689e+10
   3.857000e+03    2.385127e+11    3.306822e+10
   3.858000e+03    2.399645e+11    3.253103e+10
   3.859000e+03    2.414340e+11    3.190950e+10
   3.860000e+03    2.430175e+11    3.099171e+10
   3.861000e+03    2.447222e+11    2.974507e+10
   3.862000e+03    2.463355e+11    2.859110e+10
   3.863000e+03    2.477894e+11    2.768774e+10
   3.864000e+03    2.490491e+11    2.712547e+10
   3.865000e+03    2.500818e+11    2.698679e+10
   3.866000e+03    2.508833e+11    2.727564e+10
   3.867000e+03    2.515318e+11    2.782155e+10
   3.868000e+03    2.520567e+11    2.856112e+10
   3.869000e+03    2.524898e+11    2.942016e+10
   3.870000e+03    2.529455e+11    3.013654e+10
   3.871000e+03    2.533910e+11    3.075345e+10
   3.872000e+03    2.536456e+11    3.161841e+10
   3.873000e+03    2.537614e+11    3.263393e+10
   3.874000e+03    2.538155e+11    3.365727e+10
   3.875000e+03    2.537212e+11    3.488094e+10
   3.876000e+03    2.535862e+11    3.610898e+10
   3.877000e+03    2.538025e+11    3.657350e+10
   3.878000e+03    2.543300e+11    3.637744e+10
   3.879000e+03    2.551316e+11    3.562733e+10
   3.880000e+03    2.563464e+11    3.408819e+10
   3.881000e+03    2.578371e+11    3.209139e+10
   3.882000e+03    2.590774e+11    3.075988e+10
   3.883000e+03    2.600387e+11    3.021114e+10
   3.884000e+03    2.606639e+11    3.061368e+10
   3.885000e+03    2.611369e+11    3.163792e+10
   3.886000e+03    2.615656e+11    3.310645e+10
   3.887000e+03    2.618008e+11    3.537687e+10
   3.888000e+03    2.619709e+11    3.824497e+10
   3.889000e+03    2.626056e+11    4.069718e+10
   3.890000e+03    2.636949e+11    4.282870e+10
   3.891000e+03    2.652585e+11    4.465326e+10
   3.892000e+03    2.671492e+11    4.640920e+10
   3.893000e+03    2.693907e+11    4.802129e+10
   3.894000e+03    2.719809e+11    4.949391e+10
   3.895000e+03    2.749834e+11    5.069793e+10
   3.896000e+03    2.786310e+11    5.119270e+10
   3.897000e+03    2.829158e+11    5.108633e+10
   3.898000e+03    2.878132e+11    5.053287e+10
   3.899000e+03    2.933767e+11    4.953778e+10
   3.900000e+03    2.995442e+11    4.832902e+10
   3.901000e+03    3.059228e+11    4.782014e+10
   3.902000e+03    3.125761e+11    4.800522e+10
   3.903000e+03    3.195424e+11    4.889992e+10
   3.904000e+03    3.270376e+11    5.011615e+10
   3.905000e+03    3.350565e+11    5.170069e+10
   3.906000e+03    3.432298e+11    5.441802e+10
   3.907000e+03    3.516023e+11    5.816570e+10
   3.908000e+03    3.602461e+11    6.276459e+10
   3.909000e+03    3.686097e+11    6.930573e+10
   3.910000e+03    3.768714e+11    7.281789e+10
   3.911000e+03    3.869049e+11    7.659659e+10
   3.912000e+03    3.985607e+11    8.039333e+10
   3.913000e+03    4.116894e+11    8.399047e+10
   3.914000e+03    4.264687e+11    8.718789e+10
   3.915000e+03    4.427515e+11    8.938111e+10
   3.916000e+03    4.598727e+11    9.056014e+10
   3.917000e+03    4.776396e+11    9.099156e+10
   3.918000e+03    4.958574e+11    9.096761e+10
   3.919000e+03    5.148421e+11    8.977940e+10
   3.920000e+03    5.340021e+11    8.850901e+10
   3.921000e+03    5.525924e+11    8.848169e+10
   3.922000e+03    5.705738e+11    8.959027e+10
   3.923000e+03    5.882634e+11    9.098263e+10
   3.924000e+03    6.055201e+11    9.271629e+10
   3.925000e+03    6.221993e+11    9.482319e+10
   3.926000e+03    6.383870e+11    9.678936e+10
   3.927000e+03    6.541934e+11    9.802412e+10
   3.928000e+03    6.694007e+11    9.859775e+10
   3.929000e+03    6.838132e+11    9.846029e+10
   3.930000e+03    6.972350e+11    9.755501e+10
   3.931000e+03    7.095824e+11    9.538673e+10
   3.932000e+03    7.208544e+11    9.208617e+10
   3.933000e+03    7.312205e+11    8.810465e+10
   3.934000e+03    7.405065e+11    8.277988e+10
   3.935000e+03    7.485365e+11    7.639761e+10
   3.936000e+03    7.554847e+11    6.853922e+10
   3.937000e+03    7.606664e+11    6.053767e+10
   3.938000e+03    7.633044e+11    5.395424e+10
   3.939000e+03    7.632129e+11    4.927816e+10
   3.940000e+03    7.605338e+11    4.633979e+10
   3.941000e+03    7.551244e+11    4.547601e+10
   3.942000e+03    7.470497e+11    4.662022e+10
   3.943000e+03    7.361828e+11    5.012755e+10
   3.944000e+03    7.227291e+11    5.570335e+10
   3.945000e+03    7.076226e+11    6.161147e+10
   3.946000e+03    6.914028e+11    6.692766e+10
   3.947000e+03    6.741975e+11    7.158870e+10
   3.948000e+03    6.570676e+11    7.370502e+10
   3.949000e+03    6.407943e+11    7.805385e+10
   3.950000e+03    6.241839e+11    8.134157e+10
   3.951000e+03    6.074296e+11    8.371019e+10
   3.952000e+03    5.907886e+11    8.540837e+10
   3.953000e+03    5.742072e+11    8.529671e+10
   3.954000e+03    5.576998e+11    8.357658e+10
   3.955000e+03    5.416164e+11    8.078970e+10
   3.956000e+03    5.260508e+11    7.711546e+10
   3.957000e+03    5.108555e+11    7.315746e+10
   3.958000e+03    4.950288e+11    7.114782e+10
   3.959000e+03    4.785419e+11    7.132340e+10
   3.960000e+03    4.621658e+11    7.227746e+10
   3.961000e+03    4.460856e+11    7.371115e+10
   3.962000e+03    4.304366e+11    7.537647e+10
   3.963000e+03    4.153866e+11    7.689758e+10
   3.964000e+03    4.010494e+11    7.796926e+10
   3.965000e+03    3.876915e+11    7.801281e+10
   3.966000e+03    3.753773e+11    7.687542e+10
   3.967000e+03    3.637296e+11    7.526515e+10
   3.968000e+03    3.528172e+11    7.303840e+10
   3.969000e+03    3.427455e+11    7.002734e+10
   3.970000e+03    3.337820e+11    6.625783e+10
   3.971000e+03    3.258703e+11    6.172949e+10
   3.972000e+03    3.187139e+11    5.592184e+10
   3.973000e+03    3.122656e+11    4.960060e+10
   3.974000e+03    3.061537e+11    4.351496e+10
   3.975000e+03    2.996634e+11    3.912930e+10
   3.976000e+03    2.928096e+11    3.645928e+10
   3.977000e+03    2.856699e+11    3.536909e+10
   3.978000e+03    2.782091e+11    3.587246e+10
   3.979000e+03    2.705805e+11    3.758153e+10
   3.980000e+03    2.630442e+11    3.990698e+10
   3.981000e+03    2.558020e+11    4.237348e+10
   3.982000e+03    2.491416e+11    4.434957e+10
   3.983000e+03    2.432636e+11    4.538276e+10
   3.984000e+03    2.379740e+11    4.581371e+10
   3.985000e+03    2.329967e+11    4.617263e+10
   3.986000e+03    2.284844e+11    4.614443e+10
   3.987000e+03    2.246023e+11    4.536725e+10
   3.988000e+03    2.213974e+11    4.391585e+10
   3.989000e+03    2.188510e+11    4.217078e+10
   3.990000e+03    2.169711e+11    3.989559e+10
   3.991000e+03    2.155612e+11    0.000000e+00
   3.992000e+03    2.144741e+11    0.000000e+00
   3.993000e+03    2.136418e+11    0.000000e+00
   3.994000e+03    2.127607e+11    0.000000e+00
   3.995000e+03    2.115922e+11    0.000000e+00
   3.996000e+03    2.103085e+11    0.000000e+00
   3.997000e+03    2.089682e+11    0.000000e+00
   3.998000e+03    2.075501e+11    0.000000e+00
   3.999000e+03    2.063038e+11    0.000000e+00
   4.000000e+03    2.053534e+11    0.000000e+00
   4.001000e+03    2.044884e+11    0.000000e+00
   4.002000e+03    2.037620e+11    0.000000e+00
   4.003000e+03    2.032277e+11    0.000000e+00
   4.004000e+03    2.028078e+11    0.000000e+00
   4.005000e+03    2.024604e+11    0.000000e+00
   4.006000e+03    2.023310e+11    0.000000e+00
   4.007000e+03    2.023787e+11    0.000000e+00
   4.008000e+03    2.025870e+11    0.000000e+00
   4.009000e+03    2.028162e+11    0.000000e+00
   4.010000e+03    2.029822e+11    0.000000e+00
   4.011000e+03    2.030440e+11    0.000000e+00
   4.012000e+03    2.030813e+11    0.000000e+00
   4.013000e+03    2.030820e+11    0.000000e+00
   4.014000e+03    2.029331e+11    0.000000e+00
   4.015000e+03    2.025206e+11    0.000000e+00
   4.016000e+03    2.020302e+11    0.000000e+00
   4.017000e+03    2.015634e+11    0.000000e+00
   4.018000e+03    2.011466e+11    0.000000e+00
   4.019000e+03    2.008103e+11    0.000000e+00
   4.020000e+03    2.005196e+11    0.000000e+00
   4.021000e+03    2.002857e+11    0.000000e+00
   4.022000e+03    2.000627e+11    0.000000e+00
   4.023000e+03    1.999729e+11    0.000000e+00
   4.024000e+03    2.000154e+11    0.000000e+00
   4.025000e+03    2.001686e+11    0.000000e+00
   4.026000e+03    2.004169e+11    0.000000e+00
   4.027000e+03    2.007417e+11    0.000000e+00
   4.028000e+03    2.009910e+11    0.000000e+00
   4.029000e+03    2.011044e+11    0.000000e+00
   4.030000e+03    2.011550e+11    0.000000e+00
   4.031000e+03    2.010874e+11    0.000000e+00
   4.032000e+03    2.008223e+11    0.000000e+00
   4.033000e+03    2.003219e+11    0.000000e+00
   4.034000e+03    1.996746e+11    0.000000e+00
   4.035000e+03    1.988979e+11    0.000000e+00
   4.036000e+03    1.980061e+11    0.000000e+00
   4.037000e+03    1.970127e+11    0.000000e+00
   4.038000e+03    1.960005e+11    0.000000e+00
   4.039000e+03    1.950754e+11    0.000000e+00
   4.040000e+03    1.943168e+11    0.000000e+00
   4.041000e+03    1.936953e+11    0.000000e+00
   4.042000e+03    1.931067e+11    0.000000e+00
   4.043000e+03    1.925162e+11    0.000000e+00
   4.044000e+03    1.918860e+11    0.000000e+00
   4.045000e+03    1.911764e+11    0.000000e+00
   4.046000e+03    1.904178e+11    0.000000e+00
   4.047000e+03    1.896368e+11    0.000000e+00
   4.048000e+03    1.888361e+11    0.000000e+00
   4.049000e+03    1.880910e+11    0.000000e+00
   4.050000e+03    1.874796e+11    0.000000e+00
   4.051000e+03    1.869380e+11    0.000000e+00
   4.052000e+03    1.864121e+11    0.000000e+00
   4.053000e+03    1.858609e+11    0.000000e+00
   4.054000e+03    1.853524e+11    0.000000e+00
   4.055000e+03    1.849252e+11    0.000000e+00
   4.056000e+03    1.844832e+11    0.000000e+00
   4.057000e+03    1.839975e+11    0.000000e+00
   4.058000e+03    1.834707e+11    0.000000e+00
   4.059000e+03    1.829786e+11    0.000000e+00
   4.060000e+03    1.825563e+11    0.000000e+00
   4.061000e+03    1.822301e+11    0.000000e+00
   4.062000e+03    1.818867e+11    0.000000e+00
   4.063000e+03    1.815005e+11    0.000000e+00
   4.064000e+03    1.810649e+11    0.000000e+00
   4.065000e+03    1.805756e+11    0.000000e+00
   4.066000e+03    1.800697e+11    0.000000e+00
   4.067000e+03    1.796778e+11    0.000000e+00
   4.068000e+03    1.794038e+11    0.000000e+00
   4.069000e+03    1.791647e+11    0.000000e+00
   4.070000e+03    1.789410e+11    0.000000e+00
   4.071000e+03    1.787773e+11    0.000000e+00
   4.072000e+03    1.787249e+11    0.000000e+00
   4.073000e+03    1.787623e+11    0.000000e+00
   4.074000e+03    1.787817e+11    0.000000e+00
   4.075000e+03    1.787904e+11    0.000000e+00
   4.076000e+03    1.788081e+11    0.000000e+00
   4.077000e+03    1.787764e+11    0.000000e+00
   4.078000e+03    1.787379e+11    0.000000e+00
   4.079000e+03    1.788180e+11    0.000000e+00
   4.080000e+03    1.789583e+11    0.000000e+00
   4.081000e+03    1.791548e+11    0.000000e+00
   4.082000e+03    1.793962e+11    0.000000e+00
   4.083000e+03    1.796841e+11    0.000000e+00
   4.084000e+03    1.800241e+11    0.000000e+00
   4.085000e+03    1.804129e+11    0.000000e+00
   4.086000e+03    1.808693e+11    0.000000e+00
   4.087000e+03    1.814468e+11    0.000000e+00
   4.088000e+03    1.821371e+11    0.000000e+00
   4.089000e+03    1.828979e+11    0.000000e+00
   4.090000e+03    1.836745e+11    0.000000e+00
   4.091000e+03    1.844389e+11    0.000000e+00
   4.092000e+03    1.851900e+11    0.000000e+00
   4.093000e+03    1.859388e+11    0.000000e+00
   4.094000e+03    1.866366e+11    0.000000e+00
   4.095000e+03    1.872486e+11    0.000000e+00
   4.096000e+03    1.878038e+11    0.000000e+00
   4.097000e+03    1.883004e+11    0.000000e+00
   4.098000e+03    1.887260e+11    0.000000e+00
   4.099000e+03    1.891098e+11    0.000000e+00
   4.100000e+03    1.895337e+11    2.634464e+10
   4.101000e+03    1.900841e+11    2.697099e+10
   4.102000e+03    1.907511e+11    2.737621e+10
   4.103000e+03    1.915227e+11    2.756882e+10
   4.104000e+03    1.924156e+11    2.750621e+10
   4.105000e+03    1.933991e+11    2.724672e+10
   4.106000e+03    1.944626e+11    2.681352e+10
   4.107000e+03    1.956046e+11    2.622090e+10
   4.108000e+03    1.968551e+11    2.541094e+10
   4.109000e+03    1.982251e+11    2.437223e+10
   4.110000e+03    1.995286e+11    2.349358e+10
   4.111000e+03    2.006705e+11    2.298702e+10
   4.112000e+03    2.016261e+11    2.292703e+10
   4.113000e+03    2.024744e+11    2.318875e+10
   4.114000e+03    2.032273e+11    2.377363e+10
   4.115000e+03    2.038994e+11    2.466878e+10
   4.116000e+03    2.045495e+11    2.577366e+10
   4.117000e+03    2.052195e+11    2.701133e+10
   4.118000e+03    2.058545e+11    2.848597e+10
   4.119000e+03    2.064914e+11    3.011310e+10
   4.120000e+03    2.071624e+11    3.160913e+10
   4.121000e+03    2.080748e+11    3.278474e+10
   4.122000e+03    2.092575e+11    3.371097e+10
   4.123000e+03    2.106926e+11    3.436139e+10
   4.124000e+03    2.123298e+11    3.456960e+10
   4.125000e+03    2.141551e+11    3.435209e+10
   4.126000e+03    2.161125e+11    3.386022e+10
   4.127000e+03    2.184479e+11    3.366899e+10
   4.128000e+03    2.210807e+11    3.301582e+10
   4.129000e+03    2.238847e+11    3.199950e+10
   4.130000e+03    2.267636e+11    3.078743e+10
   4.131000e+03    2.296194e+11    2.953686e+10
   4.132000e+03    2.322558e+11    2.859459e+10
   4.133000e+03    2.346473e+11    2.796753e+10
   4.134000e+03    2.368093e+11    2.758230e+10
   4.135000e+03    2.386170e+11    2.764732e+10
   4.136000e+03    2.401153e+11    2.802570e+10
   4.137000e+03    2.413973e+11    2.848304e+10
   4.138000e+03    2.424965e+11    2.890003e+10
   4.139000e+03    2.433755e+11    2.930016e+10
   4.140000e+03    2.439167e+11    2.987035e+10
   4.141000e+03    2.441562e+11    3.051507e+10
   4.142000e+03    2.441633e+11    3.108354e+10
   4.143000e+03    2.440364e+11    3.137352e+10
   4.144000e+03    2.437637e+11    3.140408e+10
   4.145000e+03    2.433314e+11    3.120561e+10
   4.146000e+03    2.427235e+11    3.081700e+10
   4.147000e+03    2.418674e+11    3.043053e+10
   4.148000e+03    2.406901e+11    3.024623e+10
   4.149000e+03    2.392447e+11    3.021207e+10
   4.150000e+03    2.376108e+11    3.021971e+10
   4.151000e+03    2.358375e+11    3.022221e+10
   4.152000e+03    2.339202e+11    3.026819e+10
   4.153000e+03    2.318108e+11    3.049517e+10
   4.154000e+03    2.294544e+11    3.105567e+10
   4.155000e+03    2.269776e+11    3.172436e+10
   4.156000e+03    2.244819e+11    3.232785e+10
   4.157000e+03    2.220339e+11    3.276734e+10
   4.158000e+03    2.197149e+11    3.291342e+10
   4.159000e+03    2.176153e+11    3.290159e+10
   4.160000e+03    2.156319e+11    3.282389e+10
   4.161000e+03    2.137496e+11    3.258311e+10
   4.162000e+03    2.119930e+11    3.215321e+10
   4.163000e+03    2.104655e+11    3.164800e+10
   4.164000e+03    2.092121e+11    3.114201e+10
   4.165000e+03    2.082815e+11    3.067523e+10
   4.166000e+03    2.073899e+11    2.956939e+10
   4.167000e+03    2.064861e+11    2.853993e+10
   4.168000e+03    2.055615e+11    2.771037e+10
   4.169000e+03    2.046773e+11    2.695667e+10
   4.170000e+03    2.038071e+11    2.633327e+10
   4.171000e+03    2.029887e+11    2.576960e+10
   4.172000e+03    2.021567e+11    2.539785e+10
   4.173000e+03    2.012698e+11    2.529232e+10
   4.174000e+03    2.004278e+11    2.523196e+10
   4.175000e+03    1.995781e+11    2.530332e+10
   4.176000e+03    1.986958e+11    2.553881e+10
   4.177000e+03    1.977928e+11    2.589951e+10
   4.178000e+03    1.968367e+11    2.643892e+10
   4.179000e+03    1.959121e+11    2.698248e+10
   4.180000e+03    1.950964e+11    2.736592e+10
   4.181000e+03    1.944097e+11    2.753858e+10
   4.182000e+03    1.938099e+11    2.756275e+10
   4.183000e+03    1.932940e+11    2.744951e+10
   4.184000e+03    1.928629e+11    2.720833e+10
   4.185000e+03    1.925253e+11    2.683889e+10
   4.186000e+03    1.922772e+11    2.635321e+10
   4.187000e+03    1.921084e+11    2.577231e+10
   4.188000e+03    1.920142e+11    2.510453e+10
   4.189000e+03    1.919469e+11    2.444652e+10
   4.190000e+03    1.918138e+11    2.398399e+10
   4.191000e+03    1.915794e+11    2.378960e+10
   4.192000e+03    1.912679e+11    2.381264e+10
   4.193000e+03    1.909446e+11    2.391672e+10
   4.194000e+03    1.906080e+11    2.410385e+10
   4.195000e+03    1.902623e+11    2.436097e+10
   4.196000e+03    1.899142e+11    2.466749e+10
   4.197000e+03    1.895682e+11    2.500743e+10
   4.198000e+03    1.892291e+11    2.535998e+10
   4.199000e+03    1.889002e+11    2.571168e+10
   4.200000e+03    1.885914e+11    2.604030e+10
