#  x               y               error(y)
   3.600000e+03    3.124348e+11    0.000000e+00
   3.601000e+03    3.134201e+11    0.000000e+00
   3.602000e+03    3.141431e+11    0.000000e+00
   3.603000e+03    3.143454e+11    0.000000e+00
   3.604000e+03    3.139963e+11    0.000000e+00
   3.605000e+03    3.127228e+11    0.000000e+00
   3.606000e+03    3.105918e+11    0.000000e+00
   3.607000e+03    3.081525e+11    0.000000e+00
   3.608000e+03    3.055098e+11    0.000000e+00
   3.609000e+03    3.030268e+11    0.000000e+00
   3.610000e+03    3.006640e+11    0.000000e+00
   3.611000e+03    2.983354e+11    0.000000e+00
   3.612000e+03    2.960270e+11    0.000000e+00
   3.613000e+03    2.937449e+11    0.000000e+00
   3.614000e+03    2.915716e+11    0.000000e+00
   3.615000e+03    2.894858e+11    0.000000e+00
   3.616000e+03    2.875380e+11    0.000000e+00
   3.617000e+03    2.855036e+11    0.000000e+00
   3.618000e+03    2.830213e+11    0.000000e+00
   3.619000e+03    2.802391e+11    0.000000e+00
   3.620000e+03    2.773440e+11    0.000000e+00
   3.621000e+03    2.741966e+11    0.000000e+00
   3.622000e+03    2.706152e+11    0.000000e+00
   3.623000e+03    2.669152e+11    0.000000e+00
   3.624000e+03    2.634016e+11    0.000000e+00
   3.625000e+03    2.600882e+11    0.000000e+00
   3.626000e+03    2.569993e+11    0.000000e+00
   3.627000e+03    2.540376e+11    0.000000e+00
   3.628000e+03    2.511882e+11    0.000000e+00
   3.629000e+03    2.486313e+11    0.000000e+00
   3.630000e+03    2.465055e+11    0.000000e+00
   3.631000e+03    2.450892e+11    0.000000e+00
   3.632000e+03    2.444997e+11    0.000000e+00
   3.633000e+03    2.447236e+11    0.000000e+00
   3.634000e+03    2.458254e+11    0.000000e+00
   3.635000e+03    2.481917e+11    0.000000e+00
   3.636000e+03    2.516720e+11    0.000000e+00
   3.637000e+03    2.564499e+11    0.000000e+00
   3.638000e+03    2.617501e+11    0.000000e+00
   3.639000e+03    2.661384e+11    0.000000e+00
   3.640000e+03    2.698598e+11    0.000000e+00
   3.641000e+03    2.735702e+11    0.000000e+00
   3.642000e+03    2.773017e+11    0.000000e+00
   3.643000e+03    2.807690e+11    0.000000e+00
   3.644000e+03    2.845055e+11    0.000000e+00
   3.645000e+03    2.888490e+11    5.522493e+10
   3.646000e+03    2.937217e+11    5.414881e+10
   3.647000e+03    2.990065e+11    5.324340e+10
   3.648000e+03    3.041794e+11    5.212886e+10
   3.649000e+03    3.090981e+11    5.086631e+10
   3.650000e+03    3.136603e+11    4.967585e+10
   3.651000e+03    3.176830e+11    4.870544e+10
   3.652000e+03    3.209092e+11    4.827922e+10
   3.653000e+03    3.232356e+11    4.794898e+10
   3.654000e+03    3.246162e+11    4.656928e+10
   3.655000e+03    3.254395e+11    4.606684e+10
   3.656000e+03    3.261993e+11    4.736886e+10
   3.657000e+03    3.269553e+11    4.925641e+10
   3.658000e+03    3.274682e+11    5.079653e+10
   3.659000e+03    3.278316e+11    5.173873e+10
   3.660000e+03    3.282208e+11    5.176465e+10
   3.661000e+03    3.284993e+11    5.125506e+10
   3.662000e+03    3.284134e+11    5.082901e+10
   3.663000e+03    3.277743e+11    5.096364e+10
   3.664000e+03    3.263465e+11    5.227253e+10
   3.665000e+03    3.241979e+11    5.479589e+10
   3.666000e+03    3.218340e+11    5.771749e+10
   3.667000e+03    3.195927e+11    6.052709e+10
   3.668000e+03    3.170410e+11    6.420517e+10
   3.669000e+03    3.144212e+11    6.962832e+10
   3.670000e+03    3.117389e+11    7.331481e+10
   3.671000e+03    3.092518e+11    7.455154e+10
   3.672000e+03    3.083365e+11    7.610171e+10
   3.673000e+03    3.091869e+11    7.837632e+10
   3.674000e+03    3.122330e+11    8.229230e+10
   3.675000e+03    3.168896e+11    8.671444e+10
   3.676000e+03    3.219049e+11    9.119247e+10
   3.677000e+03    3.269567e+11    9.630988e+10
   3.678000e+03    3.329073e+11    9.943398e+10
   3.679000e+03    3.397463e+11    1.005627e+11
   3.680000e+03    3.467996e+11    1.010813e+11
   3.681000e+03    3.540403e+11    1.010219e+11
   3.682000e+03    3.613486e+11    1.005284e+11
   3.683000e+03    3.684045e+11    1.001113e+11
   3.684000e+03    3.749026e+11    1.001785e+11
   3.685000e+03    3.803272e+11    1.015467e+11
   3.686000e+03    3.849326e+11    1.035274e+11
   3.687000e+03    3.889385e+11    1.055118e+11
   3.688000e+03    3.922103e+11    1.075295e+11
   3.689000e+03    3.947373e+11    1.093623e+11
   3.690000e+03    3.967345e+11    1.103225e+11
   3.691000e+03    3.985597e+11    1.094482e+11
   3.692000e+03    4.000391e+11    1.080268e+11
   3.693000e+03    4.013799e+11    1.074808e+11
   3.694000e+03    4.022663e+11    1.053450e+11
   3.695000e+03    4.029753e+11    1.020769e+11
   3.696000e+03    4.035755e+11    9.704598e+10
   3.697000e+03    4.040454e+11    9.025774e+10
   3.698000e+03    4.037362e+11    8.315709e+10
   3.699000e+03    4.013135e+11    7.851997e+10
   3.700000e+03    3.971365e+11    7.572384e+10
   3.701000e+03    3.918175e+11    7.367419e+10
   3.702000e+03    3.853811e+11    7.243370e+10
   3.703000e+03    3.785446e+11    7.071638e+10
   3.704000e+03    3.713284e+11    6.854416e+10
   3.705000e+03    3.633911e+11    6.661777e+10
   3.706000e+03    3.547338e+11    6.496843e+10
   3.707000e+03    3.461470e+11    6.205259e+10
   3.708000e+03    3.379873e+11    5.718689e+10
   3.709000e+03    3.308705e+11    5.334476e+10
   3.710000e+03    3.253379e+11    5.218988e+10
   3.711000e+03    3.205268e+11    5.205080e+10
   3.712000e+03    3.163503e+11    5.284166e+10
   3.713000e+03    3.118102e+11    5.231802e+10
   3.714000e+03    3.069130e+11    5.028555e+10
   3.715000e+03    3.020538e+11    4.735753e+10
   3.716000e+03    2.972241e+11    4.392016e+10
   3.717000e+03    2.923973e+11    4.080205e+10
   3.718000e+03    2.876707e+11    3.789568e+10
   3.719000e+03    2.829300e+11    3.537711e+10
   3.720000e+03    2.777129e+11    3.411861e+10
   3.721000e+03    2.720423e+11    0.000000e+00
   3.722000e+03    2.658595e+11    0.000000e+00
   3.723000e+03    2.593728e+11    0.000000e+00
   3.724000e+03    2.531734e+11    0.000000e+00
   3.725000e+03    2.472107e+11    0.000000e+00
   3.726000e+03    2.416887e+11    0.000000e+00
   3.727000e+03    2.366947e+11    0.000000e+00
   3.728000e+03    2.322272e+11    0.000000e+00
   3.729000e+03    2.281557e+11    0.000000e+00
   3.730000e+03    2.243922e+11    0.000000e+00
   3.731000e+03    2.212101e+11    0.000000e+00
   3.732000e+03    2.188797e+11    0.000000e+00
   3.733000e+03    2.172779e+11    0.000000e+00
   3.734000e+03    2.157071e+11    0.000000e+00
   3.735000e+03    2.140799e+11    0.000000e+00
   3.736000e+03    2.123249e+11    0.000000e+00
   3.737000e+03    2.107345e+11    0.000000e+00
   3.738000e+03    2.102387e+11    0.000000e+00
   3.739000e+03    2.109206e+11    0.000000e+00
   3.740000e+03    2.122647e+11    0.000000e+00
   3.741000e+03    2.143736e+11    0.000000e+00
   3.742000e+03    2.169387e+11    0.000000e+00
   3.743000e+03    2.199671e+11    0.000000e+00
   3.744000e+03    2.236116e+11    0.000000e+00
   3.745000e+03    2.273963e+11    0.000000e+00
   3.746000e+03    2.309856e+11    0.000000e+00
   3.747000e+03    2.344419e+11    0.000000e+00
   3.748000e+03    2.376435e+11    0.000000e+00
   3.749000e+03    2.404799e+11    0.000000e+00
   3.750000e+03    2.431662e+11    0.000000e+00
   3.751000e+03    2.458385e+11    0.000000e+00
   3.752000e+03    2.485941e+11    0.000000e+00
   3.753000e+03    2.513989e+11    0.000000e+00
   3.754000e+03    2.541099e+11    0.000000e+00
   3.755000e+03    2.566360e+11    0.000000e+00
   3.756000e+03    2.589048e+11    0.000000e+00
   3.757000e+03    2.606497e+11    0.000000e+00
   3.758000e+03    2.616895e+11    0.000000e+00
   3.759000e+03    2.622086e+11    0.000000e+00
   3.760000e+03    2.622014e+11    0.000000e+00
   3.761000e+03    2.618047e+11    0.000000e+00
   3.762000e+03    2.612843e+11    0.000000e+00
   3.763000e+03    2.605329e+11    0.000000e+00
   3.764000e+03    2.596529e+11    0.000000e+00
   3.765000e+03    2.583406e+11    0.000000e+00
   3.766000e+03    2.565882e+11    0.000000e+00
   3.767000e+03    2.543277e+11    0.000000e+00
   3.768000e+03    2.514190e+11    0.000000e+00
   3.769000e+03    2.479601e+11    0.000000e+00
   3.770000e+03    2.443036e+11    0.000000e+00
   3.771000e+03    2.405235e+11    0.000000e+00
   3.772000e+03    2.371161e+11    0.000000e+00
   3.773000e+03    2.341907e+11    0.000000e+00
   3.774000e+03    2.318557e+11    0.000000e+00
   3.775000e+03    2.301597e+11    0.000000e+00
   3.776000e+03    2.285542e+11    0.000000e+00
   3.777000e+03    2.269015e+11    0.000000e+00
   3.778000e+03    2.252089e+11    0.000000e+00
   3.779000e+03    2.236671e+11    0.000000e+00
   3.780000e+03    2.222549e+11    0.000000e+00
   3.781000e+03    2.205985e+11    0.000000e+00
   3.782000e+03    2.184628e+11    0.000000e+00
   3.783000e+03    2.157997e+11    0.000000e+00
   3.784000e+03    2.129545e+11    0.000000e+00
   3.785000e+03    2.106138e+11    0.000000e+00
   3.786000e+03    2.088681e+11    0.000000e+00
   3.787000e+03    2.077932e+11    0.000000e+00
   3.788000e+03    2.074998e+11    0.000000e+00
   3.789000e+03    2.078379e+11    0.000000e+00
   3.790000e+03    2.088161e+11    0.000000e+00
   3.791000e+03    2.101824e+11    0.000000e+00
   3.792000e+03    2.116295e+11    0.000000e+00
   3.793000e+03    2.131298e+11    0.000000e+00
   3.794000e+03    2.145428e+11    0.000000e+00
   3.795000e+03    2.158456e+11    0.000000e+00
   3.796000e+03    2.170839e+11    0.000000e+00
   3.797000e+03    2.182512e+11    0.000000e+00
   3.798000e+03    2.191823e+11    0.000000e+00
   3.799000e+03    2.198011e+11    0.000000e+00
   3.800000e+03    2.203246e+11    0.000000e+00
   3.801000e+03    2.208523e+11    0.000000e+00
   3.802000e+03    2.214774e+11    0.000000e+00
   3.803000e+03    2.222337e+11    0.000000e+00
   3.804000e+03    2.231451e+11    0.000000e+00
   3.805000e+03    2.240642e+11    0.000000e+00
   3.806000e+03    2.249701e+11    0.000000e+00
   3.807000e+03    2.260842e+11    0.000000e+00
   3.808000e+03    2.274040e+11    0.000000e+00
   3.809000e+03    2.287094e+11    0.000000e+00
   3.810000e+03    2.299191e+11    0.000000e+00
   3.811000e+03    2.309379e+11    0.000000e+00
   3.812000e+03    2.316860e+11    0.000000e+00
   3.813000e+03    2.320497e+11    0.000000e+00
   3.814000e+03    2.319653e+11    0.000000e+00
   3.815000e+03    2.315341e+11    0.000000e+00
   3.816000e+03    2.309878e+11    0.000000e+00
   3.817000e+03    2.304096e+11    0.000000e+00
   3.818000e+03    2.298456e+11    0.000000e+00
   3.819000e+03    2.293429e+11    0.000000e+00
   3.820000e+03    2.291687e+11    0.000000e+00
   3.821000e+03    2.294651e+11    0.000000e+00
   3.822000e+03    2.302373e+11    0.000000e+00
   3.823000e+03    2.314892e+11    0.000000e+00
   3.824000e+03    2.329211e+11    0.000000e+00
   3.825000e+03    2.344950e+11    0.000000e+00
   3.826000e+03    2.365386e+11    0.000000e+00
   3.827000e+03    2.388521e+11    0.000000e+00
   3.828000e+03    2.410955e+11    0.000000e+00
   3.829000e+03    2.430869e+11    0.000000e+00
   3.830000e+03    2.447455e+11    0.000000e+00
   3.831000e+03    2.461405e+11    0.000000e+00
   3.832000e+03    2.473644e+11    0.000000e+00
   3.833000e+03    2.486647e+11    0.000000e+00
   3.834000e+03    2.497774e+11    0.000000e+00
   3.835000e+03    2.504251e+11    0.000000e+00
   3.836000e+03    2.507340e+11    0.000000e+00
   3.837000e+03    2.510314e+11    0.000000e+00
   3.838000e+03    2.516180e+11    0.000000e+00
   3.839000e+03    2.525555e+11    0.000000e+00
   3.840000e+03    2.537754e+11    3.549908e+10
   3.841000e+03    2.553451e+11    3.604511e+10
   3.842000e+03    2.571983e+11    3.695615e+10
   3.843000e+03    2.591615e+11    3.767262e+10
   3.844000e+03    2.612950e+11    3.779437e+10
   3.845000e+03    2.635605e+11    3.740858e+10
   3.846000e+03    2.656071e+11    3.728688e+10
   3.847000e+03    2.673333e+11    3.768583e+10
   3.848000e+03    2.686516e+11    3.879659e+10
   3.849000e+03    2.696281e+11    4.048467e+10
   3.850000e+03    2.703209e+11    4.261646e+10
   3.851000e+03    2.709603e+11    4.471110e+10
   3.852000e+03    2.716456e+11    4.654885e+10
   3.853000e+03    2.724365e+11    4.800854e+10
   3.854000e+03    2.733526e+11    4.901068e+10
   3.855000e+03    2.742505e+11    4.975443e+10
   3.856000e+03    2.747574e+11    5.089871e+10
   3.857000e+03    2.749481e+11    5.129420e+10
   3.858000e+03    2.750228e+11    5.116441e+10
   3.859000e+03    2.749737e+11    5.073047e+10
   3.860000e+03    2.753478e+11    5.077031e+10
   3.861000e+03    2.760249e+11    5.068790e+10
   3.862000e+03    2.769886e+11    4.943093e+10
   3.863000e+03    2.781127e+11    4.730088e+10
   3.864000e+03    2.792843e+11    4.458988e+10
   3.865000e+03    2.798012e+11    4.276063e+10
   3.866000e+03    2.796699e+11    4.183475e+10
   3.867000e+03    2.791428e+11    4.133794e+10
   3.868000e+03    2.782345e+11    4.127100e+10
   3.869000e+03    2.769880e+11    4.157265e+10
   3.870000e+03    2.753619e+11    4.234625e+10
   3.871000e+03    2.733289e+11    4.368489e+10
   3.872000e+03    2.706755e+11    4.606239e+10
   3.873000e+03    2.677217e+11    4.893968e+10
   3.874000e+03    2.649962e+11    5.134216e+10
   3.875000e+03    2.626136e+11    5.310098e+10
   3.876000e+03    2.606209e+11    5.480787e+10
   3.877000e+03    2.593121e+11    5.627058e+10
   3.878000e+03    2.586640e+11    5.744010e+10
   3.879000e+03    2.586540e+11    5.826228e+10
   3.880000e+03    2.593426e+11    5.836996e+10
   3.881000e+03    2.605709e+11    5.689159e+10
   3.882000e+03    2.619507e+11    5.519057e+10
   3.883000e+03    2.633159e+11    5.387482e+10
   3.884000e+03    2.648509e+11    5.266582e+10
   3.885000e+03    2.666924e+11    5.137284e+10
   3.886000e+03    2.688234e+11    5.010151e+10
   3.887000e+03    2.711329e+11    4.914132e+10
   3.888000e+03    2.736996e+11    4.839956e+10
   3.889000e+03    2.766469e+11    4.769324e+10
   3.890000e+03    2.798954e+11    4.723638e+10
   3.891000e+03    2.834482e+11    4.706463e+10
   3.892000e+03    2.863237e+11    4.914022e+10
   3.893000e+03    2.886884e+11    5.313915e+10
   3.894000e+03    2.914307e+11    5.732152e+10
   3.895000e+03    2.950576e+11    6.070593e+10
   3.896000e+03    2.998896e+11    6.396260e+10
   3.897000e+03    3.058483e+11    6.709062e+10
   3.898000e+03    3.130414e+11    7.009936e+10
   3.899000e+03    3.206157e+11    7.269807e+10
   3.900000e+03    3.286211e+11    7.515134e+10
   3.901000e+03    3.382138e+11    7.620610e+10
   3.902000e+03    3.492340e+11    7.641861e+10
   3.903000e+03    3.614620e+11    7.639412e+10
   3.904000e+03    3.743471e+11    7.733142e+10
   3.905000e+03    3.879042e+11    7.928686e+10
   3.906000e+03    4.023211e+11    8.194060e+10
   3.907000e+03    4.175612e+11    8.533588e+10
   3.908000e+03    4.335814e+11    8.954392e+10
   3.909000e+03    4.503236e+11    9.469536e+10
   3.910000e+03    4.678369e+11    1.006665e+11
   3.911000e+03    4.864935e+11    1.066402e+11
   3.912000e+03    5.063152e+11    1.106262e+11
   3.913000e+03    5.273253e+11    1.125551e+11
   3.914000e+03    5.498433e+11    1.122254e+11
   3.915000e+03    5.739408e+11    1.104822e+11
   3.916000e+03    6.015935e+11    1.121239e+11
   3.917000e+03    6.318953e+11    1.116111e+11
   3.918000e+03    6.640079e+11    1.076331e+11
   3.919000e+03    6.958800e+11    1.032532e+11
   3.920000e+03    7.271002e+11    9.940795e+10
   3.921000e+03    7.566041e+11    9.793459e+10
   3.922000e+03    7.845785e+11    9.817955e+10
   3.923000e+03    8.116657e+11    9.861680e+10
   3.924000e+03    8.375752e+11    9.953587e+10
   3.925000e+03    8.621566e+11    1.009229e+11
   3.926000e+03    8.862882e+11    1.007256e+11
   3.927000e+03    9.092531e+11    1.000721e+11
   3.928000e+03    9.299172e+11    1.008834e+11
   3.929000e+03    9.479867e+11    1.033652e+11
   3.930000e+03    9.633741e+11    1.073208e+11
   3.931000e+03    9.776306e+11    1.093188e+11
   3.932000e+03    9.902168e+11    1.101387e+11
   3.933000e+03    9.990866e+11    1.136427e+11
   3.934000e+03    1.004617e+12    1.182873e+11
   3.935000e+03    1.007383e+12    1.199570e+11
   3.936000e+03    1.008377e+12    1.207987e+11
   3.937000e+03    1.008064e+12    1.218332e+11
   3.938000e+03    1.007609e+12    1.232644e+11
   3.939000e+03    1.006896e+12    1.227990e+11
   3.940000e+03    1.004640e+12    1.209238e+11
   3.941000e+03    1.000602e+12    1.181326e+11
   3.942000e+03    9.938454e+11    1.163438e+11
   3.943000e+03    9.844696e+11    1.155446e+11
   3.944000e+03    9.726815e+11    1.155071e+11
   3.945000e+03    9.581920e+11    1.170005e+11
   3.946000e+03    9.410291e+11    1.202711e+11
   3.947000e+03    9.219368e+11    1.241075e+11
   3.948000e+03    9.017946e+11    1.269249e+11
   3.949000e+03    8.810260e+11    1.280415e+11
   3.950000e+03    8.599776e+11    1.269405e+11
   3.951000e+03    8.390966e+11    1.253361e+11
   3.952000e+03    8.181865e+11    1.249713e+11
   3.953000e+03    7.973743e+11    1.265130e+11
   3.954000e+03    7.773261e+11    1.282378e+11
   3.955000e+03    7.562561e+11    1.257518e+11
   3.956000e+03    7.341408e+11    1.238839e+11
   3.957000e+03    7.105665e+11    1.237566e+11
   3.958000e+03    6.865259e+11    1.237781e+11
   3.959000e+03    6.619943e+11    1.244044e+11
   3.960000e+03    6.383917e+11    1.231484e+11
   3.961000e+03    6.160789e+11    1.196315e+11
   3.962000e+03    5.937419e+11    1.167142e+11
   3.963000e+03    5.715996e+11    1.141272e+11
   3.964000e+03    5.498583e+11    1.115972e+11
   3.965000e+03    5.278944e+11    1.104347e+11
   3.966000e+03    5.058879e+11    1.098274e+11
   3.967000e+03    4.848233e+11    1.087096e+11
   3.968000e+03    4.647829e+11    1.067720e+11
   3.969000e+03    4.455502e+11    1.042535e+11
   3.970000e+03    4.261628e+11    1.031522e+11
   3.971000e+03    4.070864e+11    1.026380e+11
   3.972000e+03    3.901737e+11    9.905349e+10
   3.973000e+03    3.758689e+11    9.239062e+10
   3.974000e+03    3.641943e+11    8.705225e+10
   3.975000e+03    3.543748e+11    8.229621e+10
   3.976000e+03    3.460286e+11    7.729363e+10
   3.977000e+03    3.382604e+11    7.017376e+10
   3.978000e+03    3.309299e+11    6.214005e+10
   3.979000e+03    3.236060e+11    5.562312e+10
   3.980000e+03    3.157171e+11    5.175157e+10
   3.981000e+03    3.075432e+11    4.995826e+10
   3.982000e+03    2.995175e+11    4.925852e+10
   3.983000e+03    2.916181e+11    4.957956e+10
   3.984000e+03    2.841723e+11    5.015457e+10
   3.985000e+03    2.775506e+11    5.009496e+10
   3.986000e+03    2.715629e+11    4.962509e+10
   3.987000e+03    2.660278e+11    4.901619e+10
   3.988000e+03    2.610552e+11    4.796029e+10
   3.989000e+03    2.563256e+11    4.699801e+10
   3.990000e+03    2.515504e+11    4.654524e+10
   3.991000e+03    2.473188e+11    0.000000e+00
   3.992000e+03    2.441708e+11    0.000000e+00
   3.993000e+03    2.423540e+11    0.000000e+00
   3.994000e+03    2.409743e+11    0.000000e+00
   3.995000e+03    2.394432e+11    0.000000e+00
   3.996000e+03    2.376496e+11    0.000000e+00
   3.997000e+03    2.353771e+11    0.000000e+00
   3.998000e+03    2.324309e+11    0.000000e+00
   3.999000e+03    2.291048e+11    0.000000e+00
   4.000000e+03    2.255566e+11    0.000000e+00
   4.001000e+03    2.223692e+11    0.000000e+00
   4.002000e+03    2.195867e+11    0.000000e+00
   4.003000e+03    2.172452e+11    0.000000e+00
   4.004000e+03    2.151912e+11    0.000000e+00
   4.005000e+03    2.134945e+11    0.000000e+00
   4.006000e+03    2.118957e+11    0.000000e+00
   4.007000e+03    2.104397e+11    0.000000e+00
   4.008000e+03    2.091227e+11    0.000000e+00
   4.009000e+03    2.079707e+11    0.000000e+00
   4.010000e+03    2.069295e+11    0.000000e+00
   4.011000e+03    2.058465e+11    0.000000e+00
   4.012000e+03    2.046771e+11    0.000000e+00
   4.013000e+03    2.033716e+11    0.000000e+00
   4.014000e+03    2.020882e+11    0.000000e+00
   4.015000e+03    2.007069e+11    0.000000e+00
   4.016000e+03    1.991957e+11    0.000000e+00
   4.017000e+03    1.976758e+11    0.000000e+00
   4.018000e+03    1.961602e+11    0.000000e+00
   4.019000e+03    1.946630e+11    0.000000e+00
   4.020000e+03    1.931255e+11    0.000000e+00
   4.021000e+03    1.915474e+11    0.000000e+00
   4.022000e+03    1.899100e+11    0.000000e+00
   4.023000e+03    1.881394e+11    0.000000e+00
   4.024000e+03    1.864013e+11    0.000000e+00
   4.025000e+03    1.849227e+11    0.000000e+00
   4.026000e+03    1.836797e+11    0.000000e+00
   4.027000e+03    1.825279e+11    0.000000e+00
   4.028000e+03    1.813194e+11    0.000000e+00
   4.029000e+03    1.801367e+11    0.000000e+00
   4.030000e+03    1.790922e+11    0.000000e+00
   4.031000e+03    1.781057e+11    0.000000e+00
   4.032000e+03    1.770239e+11    0.000000e+00
   4.033000e+03    1.759668e+11    0.000000e+00
   4.034000e+03    1.750630e+11    0.000000e+00
   4.035000e+03    1.743409e+11    0.000000e+00
   4.036000e+03    1.740471e+11    0.000000e+00
   4.037000e+03    1.743519e+11    0.000000e+00
   4.038000e+03    1.749371e+11    0.000000e+00
   4.039000e+03    1.754830e+11    0.000000e+00
   4.040000e+03    1.758583e+11    0.000000e+00
   4.041000e+03    1.760831e+11    0.000000e+00
   4.042000e+03    1.764096e+11    0.000000e+00
   4.043000e+03    1.770011e+11    0.000000e+00
   4.044000e+03    1.778736e+11    0.000000e+00
   4.045000e+03    1.790246e+11    0.000000e+00
   4.046000e+03    1.803337e+11    0.000000e+00
   4.047000e+03    1.817544e+11    0.000000e+00
   4.048000e+03    1.833300e+11    0.000000e+00
   4.049000e+03    1.851189e+11    0.000000e+00
   4.050000e+03    1.871754e+11    0.000000e+00
   4.051000e+03    1.895044e+11    0.000000e+00
   4.052000e+03    1.919964e+11    0.000000e+00
   4.053000e+03    1.945374e+11    0.000000e+00
   4.054000e+03    1.971657e+11    0.000000e+00
   4.055000e+03    1.998690e+11    0.000000e+00
   4.056000e+03    2.024120e+11    0.000000e+00
   4.057000e+03    2.046795e+11    0.000000e+00
   4.058000e+03    2.066271e+11    0.000000e+00
   4.059000e+03    2.082925e+11    0.000000e+00
   4.060000e+03    2.096803e+11    0.000000e+00
   4.061000e+03    2.107425e+11    0.000000e+00
   4.062000e+03    2.116248e+11    0.000000e+00
   4.063000e+03    2.124413e+11    0.000000e+00
   4.064000e+03    2.130741e+11    0.000000e+00
   4.065000e+03    2.135183e+11    0.000000e+00
   4.066000e+03    2.139240e+11    0.000000e+00
   4.067000e+03    2.144885e+11    0.000000e+00
   4.068000e+03    2.152004e+11    0.000000e+00
   4.069000e+03    2.158712e+11    0.000000e+00
   4.070000e+03    2.164933e+11    0.000000e+00
   4.071000e+03    2.170835e+11    0.000000e+00
   4.072000e+03    2.176046e+11    0.000000e+00
   4.073000e+03    2.180620e+11    0.000000e+00
   4.074000e+03    2.183591e+11    0.000000e+00
   4.075000e+03    2.183776e+11    0.000000e+00
   4.076000e+03    2.181258e+11    0.000000e+00
   4.077000e+03    2.175608e+11    0.000000e+00
   4.078000e+03    2.167156e+11    0.000000e+00
   4.079000e+03    2.158378e+11    0.000000e+00
   4.080000e+03    2.151434e+11    0.000000e+00
   4.081000e+03    2.146648e+11    0.000000e+00
   4.082000e+03    2.144992e+11    0.000000e+00
   4.083000e+03    2.146169e+11    0.000000e+00
   4.084000e+03    2.150204e+11    0.000000e+00
   4.085000e+03    2.157391e+11    0.000000e+00
   4.086000e+03    2.167663e+11    0.000000e+00
   4.087000e+03    2.179615e+11    0.000000e+00
   4.088000e+03    2.192907e+11    0.000000e+00
   4.089000e+03    2.206584e+11    0.000000e+00
   4.090000e+03    2.219069e+11    0.000000e+00
   4.091000e+03    2.230124e+11    0.000000e+00
   4.092000e+03    2.240219e+11    0.000000e+00
   4.093000e+03    2.250611e+11    0.000000e+00
   4.094000e+03    2.259839e+11    0.000000e+00
   4.095000e+03    2.266919e+11    0.000000e+00
   4.096000e+03    2.272496e+11    0.000000e+00
   4.097000e+03    2.276950e+11    0.000000e+00
   4.098000e+03    2.280656e+11    0.000000e+00
   4.099000e+03    2.283808e+11    0.000000e+00
   4.100000e+03    2.286546e+11    2.943275e+10
   4.101000e+03    2.288768e+11    3.048009e+10
   4.102000e+03    2.291163e+11    3.149706e+10
   4.103000e+03    2.294593e+11    3.232777e+10
   4.104000e+03    2.299685e+11    3.287067e+10
   4.105000e+03    2.305921e+11    3.325086e+10
   4.106000e+03    2.313382e+11    3.348462e+10
   4.107000e+03    2.321488e+11    3.371778e+10
   4.108000e+03    2.331292e+11    3.375373e+10
   4.109000e+03    2.342948e+11    3.359161e+10
   4.110000e+03    2.354656e+11    3.364806e+10
   4.111000e+03    2.365477e+11    3.416137e+10
   4.112000e+03    2.375667e+11    3.512890e+10
   4.113000e+03    2.388139e+11    3.602318e+10
   4.114000e+03    2.403867e+11    3.668699e+10
   4.115000e+03    2.422547e+11    3.719559e+10
   4.116000e+03    2.444743e+11    3.743198e+10
   4.117000e+03    2.470675e+11    3.735213e+10
   4.118000e+03    2.496582e+11    3.772878e+10
   4.119000e+03    2.522319e+11    3.867951e+10
   4.120000e+03    2.548746e+11    4.018066e+10
   4.121000e+03    2.576701e+11    4.065462e+10
   4.122000e+03    2.606555e+11    4.062103e+10
   4.123000e+03    2.637978e+11    4.025581e+10
   4.124000e+03    2.672822e+11    4.015580e+10
   4.125000e+03    2.710633e+11    4.039878e+10
   4.126000e+03    2.751701e+11    4.073782e+10
   4.127000e+03    2.800121e+11    4.203049e+10
   4.128000e+03    2.853690e+11    4.187431e+10
   4.129000e+03    2.905894e+11    4.151956e+10
   4.130000e+03    2.956117e+11    4.102158e+10
   4.131000e+03    3.003399e+11    4.049493e+10
   4.132000e+03    3.046052e+11    4.020043e+10
   4.133000e+03    3.083592e+11    4.019112e+10
   4.134000e+03    3.116837e+11    4.027683e+10
   4.135000e+03    3.147737e+11    4.004705e+10
   4.136000e+03    3.174120e+11    3.992499e+10
   4.137000e+03    3.189735e+11    4.116445e+10
   4.138000e+03    3.195304e+11    4.359538e+10
   4.139000e+03    3.192333e+11    4.688214e+10
   4.140000e+03    3.182384e+11    5.068084e+10
   4.141000e+03    3.166845e+11    5.470165e+10
   4.142000e+03    3.147169e+11    5.825741e+10
   4.143000e+03    3.125739e+11    6.035341e+10
   4.144000e+03    3.102791e+11    6.132353e+10
   4.145000e+03    3.080022e+11    6.190865e+10
   4.146000e+03    3.062581e+11    6.322025e+10
   4.147000e+03    3.047404e+11    6.487131e+10
   4.148000e+03    3.030770e+11    6.620406e+10
   4.149000e+03    3.013959e+11    6.704730e+10
   4.150000e+03    2.998398e+11    6.719474e+10
   4.151000e+03    2.984773e+11    6.658303e+10
   4.152000e+03    2.971102e+11    6.567403e+10
   4.153000e+03    2.956223e+11    6.475361e+10
   4.154000e+03    2.939922e+11    6.391841e+10
   4.155000e+03    2.922067e+11    6.327498e+10
   4.156000e+03    2.901366e+11    6.313535e+10
   4.157000e+03    2.879947e+11    6.304871e+10
   4.158000e+03    2.860195e+11    6.250094e+10
   4.159000e+03    2.843868e+11    6.110377e+10
   4.160000e+03    2.830399e+11    6.008117e+10
   4.161000e+03    2.821388e+11    5.920857e+10
   4.162000e+03    2.818473e+11    5.845510e+10
   4.163000e+03    2.819471e+11    5.742378e+10
   4.164000e+03    2.823263e+11    5.614300e+10
   4.165000e+03    2.829492e+11    5.463617e+10
   4.166000e+03    2.831705e+11    5.165123e+10
   4.167000e+03    2.828070e+11    4.960386e+10
   4.168000e+03    2.823174e+11    4.755651e+10
   4.169000e+03    2.817296e+11    4.543949e+10
   4.170000e+03    2.810394e+11    4.325756e+10
   4.171000e+03    2.801349e+11    4.124046e+10
   4.172000e+03    2.790687e+11    3.927992e+10
   4.173000e+03    2.777806e+11    3.748905e+10
   4.174000e+03    2.758462e+11    3.670900e+10
   4.175000e+03    2.732956e+11    3.686872e+10
   4.176000e+03    2.706554e+11    3.688544e+10
   4.177000e+03    2.679226e+11    3.673624e+10
   4.178000e+03    2.649778e+11    3.664293e+10
   4.179000e+03    2.620030e+11    3.623713e+10
   4.180000e+03    2.591214e+11    3.527147e+10
   4.181000e+03    2.564738e+11    3.401533e+10
   4.182000e+03    2.541203e+11    3.333781e+10
   4.183000e+03    2.522075e+11    3.341843e+10
   4.184000e+03    2.506491e+11    3.397052e+10
   4.185000e+03    2.488574e+11    3.370269e+10
   4.186000e+03    2.468791e+11    3.270184e+10
   4.187000e+03    2.449390e+11    3.168057e+10
   4.188000e+03    2.430467e+11    3.066185e+10
   4.189000e+03    2.411886e+11    2.971444e+10
   4.190000e+03    2.393260e+11    2.895452e+10
   4.191000e+03    2.374497e+11    2.842995e+10
   4.192000e+03    2.355010e+11    2.828645e+10
   4.193000e+03    2.333884e+11    2.872770e+10
   4.194000e+03    2.310721e+11    2.982172e+10
   4.195000e+03    2.286427e+11    3.136514e+10
   4.196000e+03    2.262423e+11    3.307280e+10
   4.197000e+03    2.239315e+11    3.481833e+10
   4.198000e+03    2.217820e+11    3.644172e+10
   4.199000e+03    2.198427e+11    3.783406e+10
   4.200000e+03    2.180379e+11    3.914060e+10
