oname Sphere1d-yp_ix1_iy0
data in W/cm2/sr/eV
   3.600000e+03    3.362986e+11    0.000000e+00
   3.601000e+03    3.354641e+11    0.000000e+00
   3.602000e+03    3.346439e+11    0.000000e+00
   3.603000e+03    3.334072e+11    0.000000e+00
   3.604000e+03    3.317097e+11    0.000000e+00
   3.605000e+03    3.296760e+11    0.000000e+00
   3.606000e+03    3.273678e+11    0.000000e+00
   3.607000e+03    3.249127e+11    0.000000e+00
   3.608000e+03    3.223395e+11    0.000000e+00
   3.609000e+03    3.197267e+11    0.000000e+00
   3.610000e+03    3.170582e+11    0.000000e+00
   3.611000e+03    3.140260e+11    0.000000e+00
   3.612000e+03    3.107370e+11    0.000000e+00
   3.613000e+03    3.073099e+11    0.000000e+00
   3.614000e+03    3.039225e+11    0.000000e+00
   3.615000e+03    3.007193e+11    0.000000e+00
   3.616000e+03    2.980016e+11    0.000000e+00
   3.617000e+03    2.957335e+11    0.000000e+00
   3.618000e+03    2.938693e+11    0.000000e+00
   3.619000e+03    2.923391e+11    0.000000e+00
   3.620000e+03    2.910370e+11    0.000000e+00
   3.621000e+03    2.900214e+11    0.000000e+00
   3.622000e+03    2.894218e+11    0.000000e+00
   3.623000e+03    2.889099e+11    0.000000e+00
   3.624000e+03    2.884429e+11    0.000000e+00
   3.625000e+03    2.881178e+11    0.000000e+00
   3.626000e+03    2.878860e+11    0.000000e+00
   3.627000e+03    2.877534e+11    0.000000e+00
   3.628000e+03    2.877004e+11    0.000000e+00
   3.629000e+03    2.878313e+11    0.000000e+00
   3.630000e+03    2.879991e+11    0.000000e+00
   3.631000e+03    2.880606e+11    0.000000e+00
   3.632000e+03    2.882550e+11    0.000000e+00
   3.633000e+03    2.889260e+11    0.000000e+00
   3.634000e+03    2.900720e+11    0.000000e+00
   3.635000e+03    2.915078e+11    0.000000e+00
   3.636000e+03    2.930405e+11    0.000000e+00
   3.637000e+03    2.943933e+11    0.000000e+00
   3.638000e+03    2.956654e+11    0.000000e+00
   3.639000e+03    2.972422e+11    0.000000e+00
   3.640000e+03    2.987895e+11    0.000000e+00
   3.641000e+03    3.001502e+11    0.000000e+00
   3.642000e+03    3.015855e+11    0.000000e+00
   3.643000e+03    3.030738e+11    0.000000e+00
   3.644000e+03    3.045386e+11    0.000000e+00
   3.645000e+03    3.059214e+11    7.453352e-22
   3.646000e+03    3.070030e+11    7.678496e-22
   3.647000e+03    3.077606e+11    7.700151e-22
   3.648000e+03    3.080828e+11    7.432235e-22
   3.649000e+03    3.080263e+11    6.958483e-22
   3.650000e+03    3.080924e+11    6.672449e-22
   3.651000e+03    3.083009e+11    6.579832e-22
   3.652000e+03    3.086540e+11    6.671951e-22
   3.653000e+03    3.091856e+11    6.730749e-22
   3.654000e+03    3.099160e+11    6.677076e-22
   3.655000e+03    3.103070e+11    6.496156e-22
   3.656000e+03    3.101548e+11    6.035231e-22
   3.657000e+03    3.097249e+11    5.407991e-22
   3.658000e+03    3.092943e+11    4.806904e-22
   3.659000e+03    3.095483e+11    4.480646e-22
   3.660000e+03    3.105678e+11    4.375316e-22
   3.661000e+03    3.117493e+11    4.236316e-22
   3.662000e+03    3.128973e+11    3.991863e-22
   3.663000e+03    3.139403e+11    3.636811e-22
   3.664000e+03    3.152139e+11    3.286237e-22
   3.665000e+03    3.168142e+11    2.961463e-22
   3.666000e+03    3.188020e+11    2.670719e-22
   3.667000e+03    3.213861e+11    2.440590e-22
   3.668000e+03    3.244296e+11    2.328844e-22
   3.669000e+03    3.281151e+11    2.350393e-22
   3.670000e+03    3.337448e+11    2.291489e-22
   3.671000e+03    3.408426e+11    2.393691e-22
   3.672000e+03    3.486470e+11    2.568032e-22
   3.673000e+03    3.567201e+11    2.759072e-22
   3.674000e+03    3.641094e+11    2.787070e-22
   3.675000e+03    3.711163e+11    2.707751e-22
   3.676000e+03    3.786005e+11    2.695439e-22
   3.677000e+03    3.866915e+11    2.711126e-22
   3.678000e+03    3.952198e+11    2.846959e-22
   3.679000e+03    4.039739e+11    3.099863e-22
   3.680000e+03    4.127236e+11    3.435495e-22
   3.681000e+03    4.213572e+11    3.876678e-22
   3.682000e+03    4.295736e+11    4.391173e-22
   3.683000e+03    4.370170e+11    4.882155e-22
   3.684000e+03    4.435816e+11    5.298724e-22
   3.685000e+03    4.492828e+11    5.645196e-22
   3.686000e+03    4.539197e+11    5.820854e-22
   3.687000e+03    4.574029e+11    5.967353e-22
   3.688000e+03    4.601028e+11    6.184896e-22
   3.689000e+03    4.620461e+11    6.191834e-22
   3.690000e+03    4.634798e+11    6.352451e-22
   3.691000e+03    4.643470e+11    6.718758e-22
   3.692000e+03    4.637901e+11    6.688887e-22
   3.693000e+03    4.615521e+11    6.099804e-22
   3.694000e+03    4.580302e+11    5.360094e-22
   3.695000e+03    4.538792e+11    4.845308e-22
   3.696000e+03    4.492455e+11    4.532915e-22
   3.697000e+03    4.442036e+11    4.383563e-22
   3.698000e+03    4.384448e+11    4.240851e-22
   3.699000e+03    4.317080e+11    3.996316e-22
   3.700000e+03    4.243610e+11    3.760402e-22
   3.701000e+03    4.167063e+11    3.593741e-22
   3.702000e+03    4.089105e+11    3.509087e-22
   3.703000e+03    4.008183e+11    3.439956e-22
   3.704000e+03    3.924324e+11    3.369314e-22
   3.705000e+03    3.838903e+11    3.316815e-22
   3.706000e+03    3.754045e+11    3.322202e-22
   3.707000e+03    3.675894e+11    3.315449e-22
   3.708000e+03    3.609638e+11    3.252450e-22
   3.709000e+03    3.539535e+11    3.479498e-22
   3.710000e+03    3.464033e+11    3.556676e-22
   3.711000e+03    3.384365e+11    3.479155e-22
   3.712000e+03    3.300969e+11    3.263292e-22
   3.713000e+03    3.225718e+11    3.199769e-22
   3.714000e+03    3.160051e+11    3.308370e-22
   3.715000e+03    3.099502e+11    3.491402e-22
   3.716000e+03    3.043753e+11    3.752194e-22
   3.717000e+03    2.990317e+11    4.026732e-22
   3.718000e+03    2.939317e+11    4.315414e-22
   3.719000e+03    2.889889e+11    4.586203e-22
   3.720000e+03    2.841516e+11    4.809309e-22
   3.721000e+03    2.795365e+11    0.000000e+00
   3.722000e+03    2.749631e+11    0.000000e+00
   3.723000e+03    2.704039e+11    0.000000e+00
   3.724000e+03    2.661800e+11    0.000000e+00
   3.725000e+03    2.626248e+11    0.000000e+00
   3.726000e+03    2.600324e+11    0.000000e+00
   3.727000e+03    2.580748e+11    0.000000e+00
   3.728000e+03    2.564764e+11    0.000000e+00
   3.729000e+03    2.546998e+11    0.000000e+00
   3.730000e+03    2.524071e+11    0.000000e+00
   3.731000e+03    2.500366e+11    0.000000e+00
   3.732000e+03    2.478475e+11    0.000000e+00
   3.733000e+03    2.459550e+11    0.000000e+00
   3.734000e+03    2.442464e+11    0.000000e+00
   3.735000e+03    2.428208e+11    0.000000e+00
   3.736000e+03    2.416561e+11    0.000000e+00
   3.737000e+03    2.406498e+11    0.000000e+00
   3.738000e+03    2.398365e+11    0.000000e+00
   3.739000e+03    2.392193e+11    0.000000e+00
   3.740000e+03    2.387720e+11    0.000000e+00
   3.741000e+03    2.384392e+11    0.000000e+00
   3.742000e+03    2.381860e+11    0.000000e+00
   3.743000e+03    2.378897e+11    0.000000e+00
   3.744000e+03    2.375660e+11    0.000000e+00
   3.745000e+03    2.374504e+11    0.000000e+00
   3.746000e+03    2.376736e+11    0.000000e+00
   3.747000e+03    2.380209e+11    0.000000e+00
   3.748000e+03    2.385926e+11    0.000000e+00
   3.749000e+03    2.394025e+11    0.000000e+00
   3.750000e+03    2.403287e+11    0.000000e+00
   3.751000e+03    2.413071e+11    0.000000e+00
   3.752000e+03    2.422539e+11    0.000000e+00
   3.753000e+03    2.431556e+11    0.000000e+00
   3.754000e+03    2.440266e+11    0.000000e+00
   3.755000e+03    2.448877e+11    0.000000e+00
   3.756000e+03    2.457374e+11    0.000000e+00
   3.757000e+03    2.466857e+11    0.000000e+00
   3.758000e+03    2.476880e+11    0.000000e+00
   3.759000e+03    2.484857e+11    0.000000e+00
   3.760000e+03    2.488948e+11    0.000000e+00
   3.761000e+03    2.491421e+11    0.000000e+00
   3.762000e+03    2.494145e+11    0.000000e+00
   3.763000e+03    2.494675e+11    0.000000e+00
   3.764000e+03    2.492772e+11    0.000000e+00
   3.765000e+03    2.488722e+11    0.000000e+00
   3.766000e+03    2.482595e+11    0.000000e+00
   3.767000e+03    2.474722e+11    0.000000e+00
   3.768000e+03    2.465466e+11    0.000000e+00
   3.769000e+03    2.456140e+11    0.000000e+00
   3.770000e+03    2.450569e+11    0.000000e+00
   3.771000e+03    2.447503e+11    0.000000e+00
   3.772000e+03    2.444798e+11    0.000000e+00
   3.773000e+03    2.442378e+11    0.000000e+00
   3.774000e+03    2.438040e+11    0.000000e+00
   3.775000e+03    2.431305e+11    0.000000e+00
   3.776000e+03    2.422358e+11    0.000000e+00
   3.777000e+03    2.410961e+11    0.000000e+00
   3.778000e+03    2.398391e+11    0.000000e+00
   3.779000e+03    2.384991e+11    0.000000e+00
   3.780000e+03    2.370644e+11    0.000000e+00
   3.781000e+03    2.355572e+11    0.000000e+00
   3.782000e+03    2.341384e+11    0.000000e+00
   3.783000e+03    2.331855e+11    0.000000e+00
   3.784000e+03    2.326609e+11    0.000000e+00
   3.785000e+03    2.322069e+11    0.000000e+00
   3.786000e+03    2.318273e+11    0.000000e+00
   3.787000e+03    2.315342e+11    0.000000e+00
   3.788000e+03    2.312274e+11    0.000000e+00
   3.789000e+03    2.309299e+11    0.000000e+00
   3.790000e+03    2.307092e+11    0.000000e+00
   3.791000e+03    2.306062e+11    0.000000e+00
   3.792000e+03    2.306104e+11    0.000000e+00
   3.793000e+03    2.307179e+11    0.000000e+00
   3.794000e+03    2.308897e+11    0.000000e+00
   3.795000e+03    2.311431e+11    0.000000e+00
   3.796000e+03    2.313233e+11    0.000000e+00
   3.797000e+03    2.313840e+11    0.000000e+00
   3.798000e+03    2.313233e+11    0.000000e+00
   3.799000e+03    2.311405e+11    0.000000e+00
   3.800000e+03    2.308871e+11    0.000000e+00
   3.801000e+03    2.305428e+11    0.000000e+00
   3.802000e+03    2.302018e+11    0.000000e+00
   3.803000e+03    2.298621e+11    0.000000e+00
   3.804000e+03    2.295267e+11    0.000000e+00
   3.805000e+03    2.291869e+11    0.000000e+00
   3.806000e+03    2.288252e+11    0.000000e+00
   3.807000e+03    2.285982e+11    0.000000e+00
   3.808000e+03    2.285013e+11    0.000000e+00
   3.809000e+03    2.281731e+11    0.000000e+00
   3.810000e+03    2.276251e+11    0.000000e+00
   3.811000e+03    2.270071e+11    0.000000e+00
   3.812000e+03    2.263390e+11    0.000000e+00
   3.813000e+03    2.256838e+11    0.000000e+00
   3.814000e+03    2.252379e+11    0.000000e+00
   3.815000e+03    2.251151e+11    0.000000e+00
   3.816000e+03    2.254349e+11    0.000000e+00
   3.817000e+03    2.260960e+11    0.000000e+00
   3.818000e+03    2.269870e+11    0.000000e+00
   3.819000e+03    2.280513e+11    0.000000e+00
   3.820000e+03    2.292397e+11    0.000000e+00
   3.821000e+03    2.305091e+11    0.000000e+00
   3.822000e+03    2.316874e+11    0.000000e+00
   3.823000e+03    2.326171e+11    0.000000e+00
   3.824000e+03    2.335429e+11    0.000000e+00
   3.825000e+03    2.345461e+11    0.000000e+00
   3.826000e+03    2.354287e+11    0.000000e+00
   3.827000e+03    2.362133e+11    0.000000e+00
   3.828000e+03    2.369343e+11    0.000000e+00
   3.829000e+03    2.375506e+11    0.000000e+00
   3.830000e+03    2.380955e+11    0.000000e+00
   3.831000e+03    2.386556e+11    0.000000e+00
   3.832000e+03    2.392265e+11    0.000000e+00
   3.833000e+03    2.398499e+11    0.000000e+00
   3.834000e+03    2.406566e+11    0.000000e+00
   3.835000e+03    2.417746e+11    0.000000e+00
   3.836000e+03    2.431277e+11    0.000000e+00
   3.837000e+03    2.445436e+11    0.000000e+00
   3.838000e+03    2.458590e+11    0.000000e+00
   3.839000e+03    2.470070e+11    0.000000e+00
   3.840000e+03    2.479552e+11    1.094761e-21
   3.841000e+03    2.487549e+11    1.053969e-21
   3.842000e+03    2.494458e+11    9.894270e-22
   3.843000e+03    2.500525e+11    9.106608e-22
   3.844000e+03    2.507732e+11    8.431213e-22
   3.845000e+03    2.517434e+11    7.969302e-22
   3.846000e+03    2.525697e+11    7.362624e-22
   3.847000e+03    2.531741e+11    6.643008e-22
   3.848000e+03    2.539564e+11    6.198325e-22
   3.849000e+03    2.550286e+11    5.959253e-22
   3.850000e+03    2.564238e+11    5.903358e-22
   3.851000e+03    2.586138e+11    5.983605e-22
   3.852000e+03    2.614719e+11    6.400067e-22
   3.853000e+03    2.643342e+11    6.899577e-22
   3.854000e+03    2.671488e+11    7.485223e-22
   3.855000e+03    2.698580e+11    8.069949e-22
   3.856000e+03    2.726084e+11    8.804497e-22
   3.857000e+03    2.753020e+11    9.634559e-22
   3.858000e+03    2.776948e+11    1.026271e-21
   3.859000e+03    2.797686e+11    1.060813e-21
   3.860000e+03    2.814237e+11    1.051241e-21
   3.861000e+03    2.826671e+11    1.002552e-21
   3.862000e+03    2.835633e+11    9.316417e-22
   3.863000e+03    2.842894e+11    8.654476e-22
   3.864000e+03    2.848322e+11    8.029425e-22
   3.865000e+03    2.853097e+11    7.523787e-22
   3.866000e+03    2.857408e+11    7.134205e-22
   3.867000e+03    2.861540e+11    6.872453e-22
   3.868000e+03    2.865988e+11    6.754394e-22
   3.869000e+03    2.870744e+11    6.764961e-22
   3.870000e+03    2.873472e+11    6.735413e-22
   3.871000e+03    2.874988e+11    6.695508e-22
   3.872000e+03    2.874276e+11    6.546705e-22
   3.873000e+03    2.871171e+11    6.262559e-22
   3.874000e+03    2.864601e+11    6.114156e-22
   3.875000e+03    2.860672e+11    5.757402e-22
   3.876000e+03    2.859209e+11    5.477644e-22
   3.877000e+03    2.857761e+11    5.216674e-22
   3.878000e+03    2.857212e+11    5.014264e-22
   3.879000e+03    2.858462e+11    4.899008e-22
   3.880000e+03    2.862471e+11    4.899122e-22
   3.881000e+03    2.869033e+11    4.999346e-22
   3.882000e+03    2.879897e+11    5.289409e-22
   3.883000e+03    2.893051e+11    5.694204e-22
   3.884000e+03    2.902342e+11    5.861282e-22
   3.885000e+03    2.912510e+11    5.995079e-22
   3.886000e+03    2.926406e+11    6.203567e-22
   3.887000e+03    2.942450e+11    6.231702e-22
   3.888000e+03    2.961411e+11    6.105987e-22
   3.889000e+03    2.985818e+11    5.924183e-22
   3.890000e+03    3.010393e+11    5.739427e-22
   3.891000e+03    3.034299e+11    5.275187e-22
   3.892000e+03    3.051508e+11    4.371308e-22
   3.893000e+03    3.064216e+11    3.393265e-22
   3.894000e+03    3.084350e+11    2.722497e-22
   3.895000e+03    3.110601e+11    2.292283e-22
   3.896000e+03    3.148966e+11    1.946633e-22
   3.897000e+03    3.201033e+11    1.693052e-22
   3.898000e+03    3.266537e+11    1.525803e-22
   3.899000e+03    3.343960e+11    1.405912e-22
   3.900000e+03    3.433947e+11    1.322794e-22
   3.901000e+03    3.541364e+11    1.294309e-22
   3.902000e+03    3.663471e+11    1.294802e-22
   3.903000e+03    3.799068e+11    1.313874e-22
   3.904000e+03    3.942827e+11    1.321596e-22
   3.905000e+03    4.094641e+11    1.317270e-22
   3.906000e+03    4.258314e+11    1.323578e-22
   3.907000e+03    4.432233e+11    1.332577e-22
   3.908000e+03    4.614945e+11    1.334363e-22
   3.909000e+03    4.810666e+11    1.349790e-22
   3.910000e+03    5.017600e+11    1.365555e-22
   3.911000e+03    5.226431e+11    1.323615e-22
   3.912000e+03    5.439255e+11    1.250220e-22
   3.913000e+03    5.658280e+11    1.133078e-22
   3.914000e+03    5.876457e+11    1.010975e-22
   3.915000e+03    6.094221e+11    8.988676e-23
   3.916000e+03    6.329098e+11    8.229863e-23
   3.917000e+03    6.578649e+11    7.756565e-23
   3.918000e+03    6.840420e+11    7.518356e-23
   3.919000e+03    7.110417e+11    7.456685e-23
   3.920000e+03    7.385634e+11    7.546473e-23
   3.921000e+03    7.654909e+11    7.858490e-23
   3.922000e+03    7.917883e+11    8.268130e-23
   3.923000e+03    8.194204e+11    8.383132e-23
   3.924000e+03    8.478580e+11    8.259394e-23
   3.925000e+03    8.768623e+11    7.895632e-23
   3.926000e+03    9.075428e+11    7.470728e-23
   3.927000e+03    9.382488e+11    7.402292e-23
   3.928000e+03    9.660340e+11    6.992413e-23
   3.929000e+03    9.907931e+11    6.341711e-23
   3.930000e+03    1.012930e+12    5.653814e-23
   3.931000e+03    1.035253e+12    5.427043e-23
   3.932000e+03    1.057209e+12    5.530076e-23
   3.933000e+03    1.076956e+12    5.699786e-23
   3.934000e+03    1.094376e+12    5.823568e-23
   3.935000e+03    1.108512e+12    5.939184e-23
   3.936000e+03    1.118838e+12    5.975751e-23
   3.937000e+03    1.125389e+12    5.904953e-23
   3.938000e+03    1.128543e+12    5.809073e-23
   3.939000e+03    1.128459e+12    5.723741e-23
   3.940000e+03    1.124869e+12    5.606470e-23
   3.941000e+03    1.117922e+12    5.491806e-23
   3.942000e+03    1.107361e+12    5.341646e-23
   3.943000e+03    1.093542e+12    5.194796e-23
   3.944000e+03    1.076793e+12    5.076579e-23
   3.945000e+03    1.056836e+12    4.918705e-23
   3.946000e+03    1.033809e+12    4.819487e-23
   3.947000e+03    1.008492e+12    4.691639e-23
   3.948000e+03    9.809704e+11    4.426129e-23
   3.949000e+03    9.510673e+11    4.126222e-23
   3.950000e+03    9.200995e+11    3.931140e-23
   3.951000e+03    8.884359e+11    3.824967e-23
   3.952000e+03    8.561573e+11    3.774379e-23
   3.953000e+03    8.239190e+11    3.812149e-23
   3.954000e+03    7.925579e+11    3.941985e-23
   3.955000e+03    7.612018e+11    4.140777e-23
   3.956000e+03    7.301942e+11    4.423494e-23
   3.957000e+03    6.998112e+11    4.798447e-23
   3.958000e+03    6.704067e+11    5.273383e-23
   3.959000e+03    6.423711e+11    5.852285e-23
   3.960000e+03    6.169673e+11    6.368029e-23
   3.961000e+03    5.946812e+11    6.701002e-23
   3.962000e+03    5.739195e+11    7.125297e-23
   3.963000e+03    5.547724e+11    7.672649e-23
   3.964000e+03    5.370189e+11    8.505078e-23
   3.965000e+03    5.183838e+11    9.633797e-23
   3.966000e+03    4.991185e+11    1.030401e-22
   3.967000e+03    4.817587e+11    1.150227e-22
   3.968000e+03    4.665849e+11    1.368591e-22
   3.969000e+03    4.531734e+11    1.731780e-22
   3.970000e+03    4.393026e+11    2.089754e-22
   3.971000e+03    4.249928e+11    2.369557e-22
   3.972000e+03    4.106540e+11    2.564087e-22
   3.973000e+03    3.962298e+11    2.629777e-22
   3.974000e+03    3.819020e+11    2.585345e-22
   3.975000e+03    3.682490e+11    2.537610e-22
   3.976000e+03    3.552947e+11    2.497881e-22
   3.977000e+03    3.429712e+11    2.462283e-22
   3.978000e+03    3.313444e+11    2.446568e-22
   3.979000e+03    3.203187e+11    2.439864e-22
   3.980000e+03    3.097132e+11    2.412650e-22
   3.981000e+03    2.997487e+11    2.392270e-22
   3.982000e+03    2.907408e+11    2.425233e-22
   3.983000e+03    2.827033e+11    2.515969e-22
   3.984000e+03    2.758995e+11    2.719979e-22
   3.985000e+03    2.706551e+11    2.913038e-22
   3.986000e+03    2.664565e+11    3.173875e-22
   3.987000e+03    2.628300e+11    3.680380e-22
   3.988000e+03    2.598311e+11    4.397241e-22
   3.989000e+03    2.570930e+11    5.202334e-22
   3.990000e+03    2.542351e+11    5.871253e-22
   3.991000e+03    2.515498e+11    0.000000e+00
   3.992000e+03    2.492788e+11    0.000000e+00
   3.993000e+03    2.474814e+11    0.000000e+00
   3.994000e+03    2.459519e+11    0.000000e+00
   3.995000e+03    2.445242e+11    0.000000e+00
   3.996000e+03    2.431835e+11    0.000000e+00
   3.997000e+03    2.418445e+11    0.000000e+00
   3.998000e+03    2.404214e+11    0.000000e+00
   3.999000e+03    2.388329e+11    0.000000e+00
   4.000000e+03    2.370332e+11    0.000000e+00
   4.001000e+03    2.351780e+11    0.000000e+00
   4.002000e+03    2.333334e+11    0.000000e+00
   4.003000e+03    2.315194e+11    0.000000e+00
   4.004000e+03    2.298882e+11    0.000000e+00
   4.005000e+03    2.285086e+11    0.000000e+00
   4.006000e+03    2.271429e+11    0.000000e+00
   4.007000e+03    2.257640e+11    0.000000e+00
   4.008000e+03    2.243391e+11    0.000000e+00
   4.009000e+03    2.229094e+11    0.000000e+00
   4.010000e+03    2.214288e+11    0.000000e+00
   4.011000e+03    2.200251e+11    0.000000e+00
   4.012000e+03    2.187718e+11    0.000000e+00
   4.013000e+03    2.176759e+11    0.000000e+00
   4.014000e+03    2.165936e+11    0.000000e+00
   4.015000e+03    2.154135e+11    0.000000e+00
   4.016000e+03    2.142161e+11    0.000000e+00
   4.017000e+03    2.130099e+11    0.000000e+00
   4.018000e+03    2.118143e+11    0.000000e+00
   4.019000e+03    2.106196e+11    0.000000e+00
   4.020000e+03    2.094494e+11    0.000000e+00
   4.021000e+03    2.083444e+11    0.000000e+00
   4.022000e+03    2.074320e+11    0.000000e+00
   4.023000e+03    2.069522e+11    0.000000e+00
   4.024000e+03    2.068162e+11    0.000000e+00
   4.025000e+03    2.068303e+11    0.000000e+00
   4.026000e+03    2.069021e+11    0.000000e+00
   4.027000e+03    2.067679e+11    0.000000e+00
   4.028000e+03    2.064573e+11    0.000000e+00
   4.029000e+03    2.061132e+11    0.000000e+00
   4.030000e+03    2.056555e+11    0.000000e+00
   4.031000e+03    2.050406e+11    0.000000e+00
   4.032000e+03    2.041680e+11    0.000000e+00
   4.033000e+03    2.030981e+11    0.000000e+00
   4.034000e+03    2.018805e+11    0.000000e+00
   4.035000e+03    2.005041e+11    0.000000e+00
   4.036000e+03    1.990082e+11    0.000000e+00
   4.037000e+03    1.975093e+11    0.000000e+00
   4.038000e+03    1.960885e+11    0.000000e+00
   4.039000e+03    1.947682e+11    0.000000e+00
   4.040000e+03    1.935402e+11    0.000000e+00
   4.041000e+03    1.923296e+11    0.000000e+00
   4.042000e+03    1.912459e+11    0.000000e+00
   4.043000e+03    1.904669e+11    0.000000e+00
   4.044000e+03    1.899651e+11    0.000000e+00
   4.045000e+03    1.896818e+11    0.000000e+00
   4.046000e+03    1.895104e+11    0.000000e+00
   4.047000e+03    1.894326e+11    0.000000e+00
   4.048000e+03    1.894341e+11    0.000000e+00
   4.049000e+03    1.895210e+11    0.000000e+00
   4.050000e+03    1.897352e+11    0.000000e+00
   4.051000e+03    1.900287e+11    0.000000e+00
   4.052000e+03    1.903498e+11    0.000000e+00
   4.053000e+03    1.906709e+11    0.000000e+00
   4.054000e+03    1.910675e+11    0.000000e+00
   4.055000e+03    1.915537e+11    0.000000e+00
   4.056000e+03    1.921867e+11    0.000000e+00
   4.057000e+03    1.929866e+11    0.000000e+00
   4.058000e+03    1.938387e+11    0.000000e+00
   4.059000e+03    1.946903e+11    0.000000e+00
   4.060000e+03    1.955729e+11    0.000000e+00
   4.061000e+03    1.964903e+11    0.000000e+00
   4.062000e+03    1.971840e+11    0.000000e+00
   4.063000e+03    1.977082e+11    0.000000e+00
   4.064000e+03    1.982399e+11    0.000000e+00
   4.065000e+03    1.987538e+11    0.000000e+00
   4.066000e+03    1.991714e+11    0.000000e+00
   4.067000e+03    1.994679e+11    0.000000e+00
   4.068000e+03    1.996474e+11    0.000000e+00
   4.069000e+03    1.999604e+11    0.000000e+00
   4.070000e+03    2.004140e+11    0.000000e+00
   4.071000e+03    2.008475e+11    0.000000e+00
   4.072000e+03    2.012164e+11    0.000000e+00
   4.073000e+03    2.015328e+11    0.000000e+00
   4.074000e+03    2.018708e+11    0.000000e+00
   4.075000e+03    2.022716e+11    0.000000e+00
   4.076000e+03    2.027256e+11    0.000000e+00
   4.077000e+03    2.031207e+11    0.000000e+00
   4.078000e+03    2.034637e+11    0.000000e+00
   4.079000e+03    2.038375e+11    0.000000e+00
   4.080000e+03    2.043756e+11    0.000000e+00
   4.081000e+03    2.050328e+11    0.000000e+00
   4.082000e+03    2.056121e+11    0.000000e+00
   4.083000e+03    2.060943e+11    0.000000e+00
   4.084000e+03    2.064960e+11    0.000000e+00
   4.085000e+03    2.068079e+11    0.000000e+00
   4.086000e+03    2.070859e+11    0.000000e+00
   4.087000e+03    2.074815e+11    0.000000e+00
   4.088000e+03    2.080167e+11    0.000000e+00
   4.089000e+03    2.086759e+11    0.000000e+00
   4.090000e+03    2.094528e+11    0.000000e+00
   4.091000e+03    2.103220e+11    0.000000e+00
   4.092000e+03    2.112010e+11    0.000000e+00
   4.093000e+03    2.119294e+11    0.000000e+00
   4.094000e+03    2.125727e+11    0.000000e+00
   4.095000e+03    2.131742e+11    0.000000e+00
   4.096000e+03    2.136764e+11    0.000000e+00
   4.097000e+03    2.142032e+11    0.000000e+00
   4.098000e+03    2.148756e+11    0.000000e+00
   4.099000e+03    2.156949e+11    0.000000e+00
   4.100000e+03    2.166791e+11    1.060142e-21
   4.101000e+03    2.178385e+11    1.057806e-21
   4.102000e+03    2.191090e+11    1.061322e-21
   4.103000e+03    2.204636e+11    1.067015e-21
   4.104000e+03    2.218857e+11    1.072394e-21
   4.105000e+03    2.233484e+11    1.072765e-21
   4.106000e+03    2.248198e+11    1.062963e-21
   4.107000e+03    2.263581e+11    1.050006e-21
   4.108000e+03    2.278536e+11    1.018511e-21
   4.109000e+03    2.292845e+11    9.675610e-22
   4.110000e+03    2.308629e+11    9.256203e-22
   4.111000e+03    2.326613e+11    8.993541e-22
   4.112000e+03    2.346718e+11    8.863684e-22
   4.113000e+03    2.368434e+11    8.812789e-22
   4.114000e+03    2.391472e+11    8.815340e-22
   4.115000e+03    2.415383e+11    8.828358e-22
   4.116000e+03    2.438570e+11    8.697064e-22
   4.117000e+03    2.460578e+11    8.391212e-22
   4.118000e+03    2.483922e+11    8.166422e-22
   4.119000e+03    2.509193e+11    8.065373e-22
   4.120000e+03    2.535944e+11    8.037239e-22
   4.121000e+03    2.565078e+11    8.160035e-22
   4.122000e+03    2.596127e+11    8.397348e-22
   4.123000e+03    2.628450e+11    8.698869e-22
   4.124000e+03    2.659581e+11    8.811054e-22
   4.125000e+03    2.689416e+11    8.722179e-22
   4.126000e+03    2.717284e+11    8.397378e-22
   4.127000e+03    2.742943e+11    7.882042e-22
   4.128000e+03    2.766690e+11    7.511021e-22
   4.129000e+03    2.792652e+11    7.102052e-22
   4.130000e+03    2.820060e+11    6.829731e-22
   4.131000e+03    2.848536e+11    6.694366e-22
   4.132000e+03    2.877980e+11    6.680536e-22
   4.133000e+03    2.908183e+11    6.777152e-22
   4.134000e+03    2.938319e+11    6.937086e-22
   4.135000e+03    2.969678e+11    7.276137e-22
   4.136000e+03    3.001206e+11    7.763565e-22
   4.137000e+03    3.031438e+11    8.330034e-22
   4.138000e+03    3.059547e+11    8.924818e-22
   4.139000e+03    3.084887e+11    9.481594e-22
   4.140000e+03    3.106315e+11    9.846954e-22
   4.141000e+03    3.123547e+11    9.949655e-22
   4.142000e+03    3.135801e+11    9.681032e-22
   4.143000e+03    3.141424e+11    8.906037e-22
   4.144000e+03    3.141949e+11    8.044306e-22
   4.145000e+03    3.140692e+11    7.562538e-22
   4.146000e+03    3.142369e+11    7.154586e-22
   4.147000e+03    3.145435e+11    7.111728e-22
   4.148000e+03    3.148193e+11    7.309598e-22
   4.149000e+03    3.149540e+11    7.681630e-22
   4.150000e+03    3.147840e+11    8.104717e-22
   4.151000e+03    3.141685e+11    8.433614e-22
   4.152000e+03    3.130935e+11    8.620267e-22
   4.153000e+03    3.115567e+11    8.630439e-22
   4.154000e+03    3.095716e+11    8.459344e-22
   4.155000e+03    3.074060e+11    8.348198e-22
   4.156000e+03    3.053246e+11    8.523520e-22
   4.157000e+03    3.031967e+11    8.845267e-22
   4.158000e+03    3.008240e+11    9.088113e-22
   4.159000e+03    2.981216e+11    9.119078e-22
   4.160000e+03    2.949787e+11    8.800290e-22
   4.161000e+03    2.912698e+11    8.056559e-22
   4.162000e+03    2.869341e+11    6.992613e-22
   4.163000e+03    2.823865e+11    6.178504e-22
   4.164000e+03    2.780403e+11    5.615593e-22
   4.165000e+03    2.741168e+11    5.254573e-22
   4.166000e+03    2.707427e+11    5.204418e-22
   4.167000e+03    2.680013e+11    5.276725e-22
   4.168000e+03    2.654329e+11    5.547683e-22
   4.169000e+03    2.628863e+11    5.850226e-22
   4.170000e+03    2.603069e+11    6.114965e-22
   4.171000e+03    2.578472e+11    6.421913e-22
   4.172000e+03    2.555178e+11    6.780248e-22
   4.173000e+03    2.533368e+11    7.209723e-22
   4.174000e+03    2.511387e+11    7.584671e-22
   4.175000e+03    2.489180e+11    7.876197e-22
   4.176000e+03    2.466688e+11    8.047775e-22
   4.177000e+03    2.443713e+11    8.055604e-22
   4.178000e+03    2.419767e+11    7.852177e-22
   4.179000e+03    2.396129e+11    7.569499e-22
   4.180000e+03    2.373712e+11    7.301109e-22
   4.181000e+03    2.353274e+11    7.120165e-22
   4.182000e+03    2.337132e+11    7.222781e-22
   4.183000e+03    2.326289e+11    7.605418e-22
   4.184000e+03    2.319827e+11    7.983397e-22
   4.185000e+03    2.312755e+11    8.669215e-22
   4.186000e+03    2.304788e+11    9.273074e-22
   4.187000e+03    2.296329e+11    9.786140e-22
   4.188000e+03    2.286896e+11    1.011083e-21
   4.189000e+03    2.276869e+11    1.026723e-21
   4.190000e+03    2.267537e+11    1.041975e-21
   4.191000e+03    2.258972e+11    1.057818e-21
   4.192000e+03    2.251194e+11    1.074586e-21
   4.193000e+03    2.244189e+11    1.092011e-21
   4.194000e+03    2.237988e+11    1.111252e-21
   4.195000e+03    2.231751e+11    1.120565e-21
   4.196000e+03    2.224287e+11    1.103003e-21
   4.197000e+03    2.216274e+11    1.071042e-21
   4.198000e+03    2.208645e+11    1.040578e-21
   4.199000e+03    2.201501e+11    1.014026e-21
   4.200000e+03    2.196073e+11    1.007527e-21
