oname Sphere1d-yp_ix0_iy0
data in W/cm2/sr/eV
   3.600000e+03    3.124348e+11    0.000000e+00
   3.601000e+03    3.134201e+11    0.000000e+00
   3.602000e+03    3.141431e+11    0.000000e+00
   3.603000e+03    3.143454e+11    0.000000e+00
   3.604000e+03    3.139963e+11    0.000000e+00
   3.605000e+03    3.127228e+11    0.000000e+00
   3.606000e+03    3.105918e+11    0.000000e+00
   3.607000e+03    3.081525e+11    0.000000e+00
   3.608000e+03    3.055098e+11    0.000000e+00
   3.609000e+03    3.030268e+11    0.000000e+00
   3.610000e+03    3.006640e+11    0.000000e+00
   3.611000e+03    2.983354e+11    0.000000e+00
   3.612000e+03    2.960270e+11    0.000000e+00
   3.613000e+03    2.937449e+11    0.000000e+00
   3.614000e+03    2.915716e+11    0.000000e+00
   3.615000e+03    2.894858e+11    0.000000e+00
   3.616000e+03    2.875380e+11    0.000000e+00
   3.617000e+03    2.855036e+11    0.000000e+00
   3.618000e+03    2.830213e+11    0.000000e+00
   3.619000e+03    2.802391e+11    0.000000e+00
   3.620000e+03    2.773440e+11    0.000000e+00
   3.621000e+03    2.741966e+11    0.000000e+00
   3.622000e+03    2.706152e+11    0.000000e+00
   3.623000e+03    2.669152e+11    0.000000e+00
   3.624000e+03    2.634016e+11    0.000000e+00
   3.625000e+03    2.600882e+11    0.000000e+00
   3.626000e+03    2.569993e+11    0.000000e+00
   3.627000e+03    2.540376e+11    0.000000e+00
   3.628000e+03    2.511882e+11    0.000000e+00
   3.629000e+03    2.486313e+11    0.000000e+00
   3.630000e+03    2.465055e+11    0.000000e+00
   3.631000e+03    2.450892e+11    0.000000e+00
   3.632000e+03    2.444997e+11    0.000000e+00
   3.633000e+03    2.447236e+11    0.000000e+00
   3.634000e+03    2.458254e+11    0.000000e+00
   3.635000e+03    2.481917e+11    0.000000e+00
   3.636000e+03    2.516720e+11    0.000000e+00
   3.637000e+03    2.564499e+11    0.000000e+00
   3.638000e+03    2.617501e+11    0.000000e+00
   3.639000e+03    2.661384e+11    0.000000e+00
   3.640000e+03    2.698598e+11    0.000000e+00
   3.641000e+03    2.735702e+11    0.000000e+00
   3.642000e+03    2.773017e+11    0.000000e+00
   3.643000e+03    2.807690e+11    0.000000e+00
   3.644000e+03    2.845055e+11    0.000000e+00
   3.645000e+03    2.888490e+11    3.278911e-22
   3.646000e+03    2.937217e+11    3.410533e-22
   3.647000e+03    2.990065e+11    3.527511e-22
   3.648000e+03    3.041794e+11    3.679964e-22
   3.649000e+03    3.090981e+11    3.864912e-22
   3.650000e+03    3.136603e+11    4.052373e-22
   3.651000e+03    3.176830e+11    4.215461e-22
   3.652000e+03    3.209092e+11    4.290219e-22
   3.653000e+03    3.232356e+11    4.349519e-22
   3.654000e+03    3.246162e+11    4.611061e-22
   3.655000e+03    3.254395e+11    4.712194e-22
   3.656000e+03    3.261993e+11    4.456708e-22
   3.657000e+03    3.269553e+11    4.121682e-22
   3.658000e+03    3.274682e+11    3.875537e-22
   3.659000e+03    3.278316e+11    3.735670e-22
   3.660000e+03    3.282208e+11    3.731930e-22
   3.661000e+03    3.284993e+11    3.806506e-22
   3.662000e+03    3.284134e+11    3.870586e-22
   3.663000e+03    3.277743e+11    3.850163e-22
   3.664000e+03    3.263465e+11    3.659763e-22
   3.665000e+03    3.241979e+11    3.330458e-22
   3.666000e+03    3.218340e+11    3.001823e-22
   3.667000e+03    3.195927e+11    2.729609e-22
   3.668000e+03    3.170410e+11    2.425828e-22
   3.669000e+03    3.144212e+11    2.062663e-22
   3.670000e+03    3.117389e+11    1.860444e-22
   3.671000e+03    3.092518e+11    1.799230e-22
   3.672000e+03    3.083365e+11    1.726677e-22
   3.673000e+03    3.091869e+11    1.627909e-22
   3.674000e+03    3.122330e+11    1.476664e-22
   3.675000e+03    3.168896e+11    1.329894e-22
   3.676000e+03    3.219049e+11    1.202492e-22
   3.677000e+03    3.269567e+11    1.078098e-22
   3.678000e+03    3.329073e+11    1.011417e-22
   3.679000e+03    3.397463e+11    9.888406e-23
   3.680000e+03    3.467996e+11    9.787197e-23
   3.681000e+03    3.540403e+11    9.798707e-23
   3.682000e+03    3.613486e+11    9.895147e-23
   3.683000e+03    3.684045e+11    9.977780e-23
   3.684000e+03    3.749026e+11    9.964397e-23
   3.685000e+03    3.803272e+11    9.697691e-23
   3.686000e+03    3.849326e+11    9.330168e-23
   3.687000e+03    3.889385e+11    8.982513e-23
   3.688000e+03    3.922103e+11    8.648586e-23
   3.689000e+03    3.947373e+11    8.361131e-23
   3.690000e+03    3.967345e+11    8.216210e-23
   3.691000e+03    3.985597e+11    8.348007e-23
   3.692000e+03    4.000391e+11    8.569136e-23
   3.693000e+03    4.013799e+11    8.656411e-23
   3.694000e+03    4.022663e+11    9.010984e-23
   3.695000e+03    4.029753e+11    9.597205e-23
   3.696000e+03    4.035755e+11    1.061805e-22
   3.697000e+03    4.040454e+11    1.227527e-22
   3.698000e+03    4.037362e+11    1.446110e-22
   3.699000e+03    4.013135e+11    1.621959e-22
   3.700000e+03    3.971365e+11    1.743953e-22
   3.701000e+03    3.918175e+11    1.842338e-22
   3.702000e+03    3.853811e+11    1.905982e-22
   3.703000e+03    3.785446e+11    1.999677e-22
   3.704000e+03    3.713284e+11    2.128429e-22
   3.705000e+03    3.633911e+11    2.253304e-22
   3.706000e+03    3.547338e+11    2.369165e-22
   3.707000e+03    3.461470e+11    2.597049e-22
   3.708000e+03    3.379873e+11    3.057786e-22
   3.709000e+03    3.308705e+11    3.514119e-22
   3.710000e+03    3.253379e+11    3.671363e-22
   3.711000e+03    3.205268e+11    3.691010e-22
   3.712000e+03    3.163503e+11    3.581352e-22
   3.713000e+03    3.118102e+11    3.653401e-22
   3.714000e+03    3.069130e+11    3.954701e-22
   3.715000e+03    3.020538e+11    4.458841e-22
   3.716000e+03    2.972241e+11    5.184085e-22
   3.717000e+03    2.923973e+11    6.006700e-22
   3.718000e+03    2.876707e+11    6.963389e-22
   3.719000e+03    2.829300e+11    7.990156e-22
   3.720000e+03    2.777129e+11    8.590478e-22
   3.721000e+03    2.720423e+11    0.000000e+00
   3.722000e+03    2.658595e+11    0.000000e+00
   3.723000e+03    2.593728e+11    0.000000e+00
   3.724000e+03    2.531734e+11    0.000000e+00
   3.725000e+03    2.472107e+11    0.000000e+00
   3.726000e+03    2.416887e+11    0.000000e+00
   3.727000e+03    2.366947e+11    0.000000e+00
   3.728000e+03    2.322272e+11    0.000000e+00
   3.729000e+03    2.281557e+11    0.000000e+00
   3.730000e+03    2.243922e+11    0.000000e+00
   3.731000e+03    2.212101e+11    0.000000e+00
   3.732000e+03    2.188797e+11    0.000000e+00
   3.733000e+03    2.172779e+11    0.000000e+00
   3.734000e+03    2.157071e+11    0.000000e+00
   3.735000e+03    2.140799e+11    0.000000e+00
   3.736000e+03    2.123249e+11    0.000000e+00
   3.737000e+03    2.107345e+11    0.000000e+00
   3.738000e+03    2.102387e+11    0.000000e+00
   3.739000e+03    2.109206e+11    0.000000e+00
   3.740000e+03    2.122647e+11    0.000000e+00
   3.741000e+03    2.143736e+11    0.000000e+00
   3.742000e+03    2.169387e+11    0.000000e+00
   3.743000e+03    2.199671e+11    0.000000e+00
   3.744000e+03    2.236116e+11    0.000000e+00
   3.745000e+03    2.273963e+11    0.000000e+00
   3.746000e+03    2.309856e+11    0.000000e+00
   3.747000e+03    2.344419e+11    0.000000e+00
   3.748000e+03    2.376435e+11    0.000000e+00
   3.749000e+03    2.404799e+11    0.000000e+00
   3.750000e+03    2.431662e+11    0.000000e+00
   3.751000e+03    2.458385e+11    0.000000e+00
   3.752000e+03    2.485941e+11    0.000000e+00
   3.753000e+03    2.513989e+11    0.000000e+00
   3.754000e+03    2.541099e+11    0.000000e+00
   3.755000e+03    2.566360e+11    0.000000e+00
   3.756000e+03    2.589048e+11    0.000000e+00
   3.757000e+03    2.606497e+11    0.000000e+00
   3.758000e+03    2.616895e+11    0.000000e+00
   3.759000e+03    2.622086e+11    0.000000e+00
   3.760000e+03    2.622014e+11    0.000000e+00
   3.761000e+03    2.618047e+11    0.000000e+00
   3.762000e+03    2.612843e+11    0.000000e+00
   3.763000e+03    2.605329e+11    0.000000e+00
   3.764000e+03    2.596529e+11    0.000000e+00
   3.765000e+03    2.583406e+11    0.000000e+00
   3.766000e+03    2.565882e+11    0.000000e+00
   3.767000e+03    2.543277e+11    0.000000e+00
   3.768000e+03    2.514190e+11    0.000000e+00
   3.769000e+03    2.479601e+11    0.000000e+00
   3.770000e+03    2.443036e+11    0.000000e+00
   3.771000e+03    2.405235e+11    0.000000e+00
   3.772000e+03    2.371161e+11    0.000000e+00
   3.773000e+03    2.341907e+11    0.000000e+00
   3.774000e+03    2.318557e+11    0.000000e+00
   3.775000e+03    2.301597e+11    0.000000e+00
   3.776000e+03    2.285542e+11    0.000000e+00
   3.777000e+03    2.269015e+11    0.000000e+00
   3.778000e+03    2.252089e+11    0.000000e+00
   3.779000e+03    2.236671e+11    0.000000e+00
   3.780000e+03    2.222549e+11    0.000000e+00
   3.781000e+03    2.205985e+11    0.000000e+00
   3.782000e+03    2.184628e+11    0.000000e+00
   3.783000e+03    2.157997e+11    0.000000e+00
   3.784000e+03    2.129545e+11    0.000000e+00
   3.785000e+03    2.106138e+11    0.000000e+00
   3.786000e+03    2.088681e+11    0.000000e+00
   3.787000e+03    2.077932e+11    0.000000e+00
   3.788000e+03    2.074998e+11    0.000000e+00
   3.789000e+03    2.078379e+11    0.000000e+00
   3.790000e+03    2.088161e+11    0.000000e+00
   3.791000e+03    2.101824e+11    0.000000e+00
   3.792000e+03    2.116295e+11    0.000000e+00
   3.793000e+03    2.131298e+11    0.000000e+00
   3.794000e+03    2.145428e+11    0.000000e+00
   3.795000e+03    2.158456e+11    0.000000e+00
   3.796000e+03    2.170839e+11    0.000000e+00
   3.797000e+03    2.182512e+11    0.000000e+00
   3.798000e+03    2.191823e+11    0.000000e+00
   3.799000e+03    2.198011e+11    0.000000e+00
   3.800000e+03    2.203246e+11    0.000000e+00
   3.801000e+03    2.208523e+11    0.000000e+00
   3.802000e+03    2.214774e+11    0.000000e+00
   3.803000e+03    2.222337e+11    0.000000e+00
   3.804000e+03    2.231451e+11    0.000000e+00
   3.805000e+03    2.240642e+11    0.000000e+00
   3.806000e+03    2.249701e+11    0.000000e+00
   3.807000e+03    2.260842e+11    0.000000e+00
   3.808000e+03    2.274040e+11    0.000000e+00
   3.809000e+03    2.287094e+11    0.000000e+00
   3.810000e+03    2.299191e+11    0.000000e+00
   3.811000e+03    2.309379e+11    0.000000e+00
   3.812000e+03    2.316860e+11    0.000000e+00
   3.813000e+03    2.320497e+11    0.000000e+00
   3.814000e+03    2.319653e+11    0.000000e+00
   3.815000e+03    2.315341e+11    0.000000e+00
   3.816000e+03    2.309878e+11    0.000000e+00
   3.817000e+03    2.304096e+11    0.000000e+00
   3.818000e+03    2.298456e+11    0.000000e+00
   3.819000e+03    2.293429e+11    0.000000e+00
   3.820000e+03    2.291687e+11    0.000000e+00
   3.821000e+03    2.294651e+11    0.000000e+00
   3.822000e+03    2.302373e+11    0.000000e+00
   3.823000e+03    2.314892e+11    0.000000e+00
   3.824000e+03    2.329211e+11    0.000000e+00
   3.825000e+03    2.344950e+11    0.000000e+00
   3.826000e+03    2.365386e+11    0.000000e+00
   3.827000e+03    2.388521e+11    0.000000e+00
   3.828000e+03    2.410955e+11    0.000000e+00
   3.829000e+03    2.430869e+11    0.000000e+00
   3.830000e+03    2.447455e+11    0.000000e+00
   3.831000e+03    2.461405e+11    0.000000e+00
   3.832000e+03    2.473644e+11    0.000000e+00
   3.833000e+03    2.486647e+11    0.000000e+00
   3.834000e+03    2.497774e+11    0.000000e+00
   3.835000e+03    2.504251e+11    0.000000e+00
   3.836000e+03    2.507340e+11    0.000000e+00
   3.837000e+03    2.510314e+11    0.000000e+00
   3.838000e+03    2.516180e+11    0.000000e+00
   3.839000e+03    2.525555e+11    0.000000e+00
   3.840000e+03    2.537754e+11    7.935343e-22
   3.841000e+03    2.553451e+11    7.696750e-22
   3.842000e+03    2.571983e+11    7.321947e-22
   3.843000e+03    2.591615e+11    7.046092e-22
   3.844000e+03    2.612950e+11    7.000769e-22
   3.845000e+03    2.635605e+11    7.145912e-22
   3.846000e+03    2.656071e+11    7.192631e-22
   3.847000e+03    2.673333e+11    7.041154e-22
   3.848000e+03    2.686516e+11    6.643743e-22
   3.849000e+03    2.696281e+11    6.101250e-22
   3.850000e+03    2.703209e+11    5.506114e-22
   3.851000e+03    2.709603e+11    5.002296e-22
   3.852000e+03    2.716456e+11    4.615110e-22
   3.853000e+03    2.724365e+11    4.338734e-22
   3.854000e+03    2.733526e+11    4.163116e-22
   3.855000e+03    2.742505e+11    4.039583e-22
   3.856000e+03    2.747574e+11    3.859993e-22
   3.857000e+03    2.749481e+11    3.800699e-22
   3.858000e+03    2.750228e+11    3.820007e-22
   3.859000e+03    2.749737e+11    3.885638e-22
   3.860000e+03    2.753478e+11    3.879542e-22
   3.861000e+03    2.760249e+11    3.892167e-22
   3.862000e+03    2.769886e+11    4.092629e-22
   3.863000e+03    2.781127e+11    4.469528e-22
   3.864000e+03    2.792843e+11    5.029530e-22
   3.865000e+03    2.798012e+11    5.469050e-22
   3.866000e+03    2.796699e+11    5.713807e-22
   3.867000e+03    2.791428e+11    5.851973e-22
   3.868000e+03    2.782345e+11    5.870972e-22
   3.869000e+03    2.769880e+11    5.786083e-22
   3.870000e+03    2.753619e+11    5.576608e-22
   3.871000e+03    2.733289e+11    5.240074e-22
   3.872000e+03    2.706755e+11    4.713105e-22
   3.873000e+03    2.677217e+11    4.175205e-22
   3.874000e+03    2.649962e+11    3.793602e-22
   3.875000e+03    2.626136e+11    3.546459e-22
   3.876000e+03    2.606209e+11    3.329003e-22
   3.877000e+03    2.593121e+11    3.158183e-22
   3.878000e+03    2.586640e+11    3.030886e-22
   3.879000e+03    2.586540e+11    2.945948e-22
   3.880000e+03    2.593426e+11    2.935088e-22
   3.881000e+03    2.605709e+11    3.089611e-22
   3.882000e+03    2.619507e+11    3.282995e-22
   3.883000e+03    2.633159e+11    3.445310e-22
   3.884000e+03    2.648509e+11    3.605308e-22
   3.885000e+03    2.666924e+11    3.789072e-22
   3.886000e+03    2.688234e+11    3.983808e-22
   3.887000e+03    2.711329e+11    4.141011e-22
   3.888000e+03    2.736996e+11    4.268911e-22
   3.889000e+03    2.766469e+11    4.396290e-22
   3.890000e+03    2.798954e+11    4.481741e-22
   3.891000e+03    2.834482e+11    4.514510e-22
   3.892000e+03    2.863237e+11    4.141196e-22
   3.893000e+03    2.886884e+11    3.541366e-22
   3.894000e+03    2.914307e+11    3.043439e-22
   3.895000e+03    2.950576e+11    2.713550e-22
   3.896000e+03    2.998896e+11    2.444262e-22
   3.897000e+03    3.058483e+11    2.221654e-22
   3.898000e+03    3.130414e+11    2.035035e-22
   3.899000e+03    3.206157e+11    1.892144e-22
   3.900000e+03    3.286211e+11    1.770625e-22
   3.901000e+03    3.382138e+11    1.721950e-22
   3.902000e+03    3.492340e+11    1.712386e-22
   3.903000e+03    3.614620e+11    1.713484e-22
   3.904000e+03    3.743471e+11    1.672199e-22
   3.905000e+03    3.879042e+11    1.590734e-22
   3.906000e+03    4.023211e+11    1.489367e-22
   3.907000e+03    4.175612e+11    1.373209e-22
   3.908000e+03    4.335814e+11    1.247176e-22
   3.909000e+03    4.503236e+11    1.115174e-22
   3.910000e+03    4.678369e+11    9.868020e-23
   3.911000e+03    4.864935e+11    8.793420e-23
   3.912000e+03    5.063152e+11    8.171172e-23
   3.913000e+03    5.273253e+11    7.893503e-23
   3.914000e+03    5.498433e+11    7.939942e-23
   3.915000e+03    5.739408e+11    8.192473e-23
   3.916000e+03    6.015935e+11    7.954334e-23
   3.917000e+03    6.318953e+11    8.027594e-23
   3.918000e+03    6.640079e+11    8.631936e-23
   3.919000e+03    6.958800e+11    9.379781e-23
   3.920000e+03    7.271002e+11    1.011947e-22
   3.921000e+03    7.566041e+11    1.042624e-22
   3.922000e+03    7.845785e+11    1.037428e-22
   3.923000e+03    8.116657e+11    1.028249e-22
   3.924000e+03    8.375752e+11    1.009348e-22
   3.925000e+03    8.621566e+11    9.817946e-23
   3.926000e+03    8.862882e+11    9.856442e-23
   3.927000e+03    9.092531e+11    9.985600e-23
   3.928000e+03    9.299172e+11    9.825637e-23
   3.929000e+03    9.479867e+11    9.359466e-23
   3.930000e+03    9.633741e+11    8.682246e-23
   3.931000e+03    9.776306e+11    8.367783e-23
   3.932000e+03    9.902168e+11    8.243659e-23
   3.933000e+03    9.990866e+11    7.743136e-23
   3.934000e+03    1.004617e+12    7.146997e-23
   3.935000e+03    1.007383e+12    6.949424e-23
   3.936000e+03    1.008377e+12    6.852920e-23
   3.937000e+03    1.008064e+12    6.737032e-23
   3.938000e+03    1.007609e+12    6.581493e-23
   3.939000e+03    1.006896e+12    6.631476e-23
   3.940000e+03    1.004640e+12    6.838750e-23
   3.941000e+03    1.000602e+12    7.165730e-23
   3.942000e+03    9.938454e+11    7.387771e-23
   3.943000e+03    9.844696e+11    7.490322e-23
   3.944000e+03    9.726815e+11    7.495194e-23
   3.945000e+03    9.581920e+11    7.305075e-23
   3.946000e+03    9.410291e+11    6.913171e-23
   3.947000e+03    9.219368e+11    6.492381e-23
   3.948000e+03    9.017946e+11    6.207354e-23
   3.949000e+03    8.810260e+11    6.099560e-23
   3.950000e+03    8.599776e+11    6.205826e-23
   3.951000e+03    8.390966e+11    6.365727e-23
   3.952000e+03    8.181865e+11    6.402939e-23
   3.953000e+03    7.973743e+11    6.247840e-23
   3.954000e+03    7.773261e+11    6.080898e-23
   3.955000e+03    7.562561e+11    6.323700e-23
   3.956000e+03    7.341408e+11    6.515841e-23
   3.957000e+03    7.105665e+11    6.529248e-23
   3.958000e+03    6.865259e+11    6.526976e-23
   3.959000e+03    6.619943e+11    6.461430e-23
   3.960000e+03    6.383917e+11    6.593902e-23
   3.961000e+03    6.160789e+11    6.987295e-23
   3.962000e+03    5.937419e+11    7.340958e-23
   3.963000e+03    5.715996e+11    7.677538e-23
   3.964000e+03    5.498583e+11    8.029592e-23
   3.965000e+03    5.278944e+11    8.199521e-23
   3.966000e+03    5.058879e+11    8.290465e-23
   3.967000e+03    4.848233e+11    8.461827e-23
   3.968000e+03    4.647829e+11    8.771732e-23
   3.969000e+03    4.455502e+11    9.200656e-23
   3.970000e+03    4.261628e+11    9.398156e-23
   3.971000e+03    4.070864e+11    9.492572e-23
   3.972000e+03    3.901737e+11    1.019202e-22
   3.973000e+03    3.758689e+11    1.171505e-22
   3.974000e+03    3.641943e+11    1.319593e-22
   3.975000e+03    3.543748e+11    1.476523e-22
   3.976000e+03    3.460286e+11    1.673835e-22
   3.977000e+03    3.382604e+11    2.030722e-22
   3.978000e+03    3.309299e+11    2.589744e-22
   3.979000e+03    3.236060e+11    3.232133e-22
   3.980000e+03    3.157171e+11    3.733816e-22
   3.981000e+03    3.075432e+11    4.006687e-22
   3.982000e+03    2.995175e+11    4.121329e-22
   3.983000e+03    2.916181e+11    4.068129e-22
   3.984000e+03    2.841723e+11    3.975384e-22
   3.985000e+03    2.775506e+11    3.984850e-22
   3.986000e+03    2.715629e+11    4.060667e-22
   3.987000e+03    2.660278e+11    4.162181e-22
   3.988000e+03    2.610552e+11    4.347469e-22
   3.989000e+03    2.563256e+11    4.527319e-22
   3.990000e+03    2.515504e+11    4.615826e-22
   3.991000e+03    2.473188e+11    0.000000e+00
   3.992000e+03    2.441708e+11    0.000000e+00
   3.993000e+03    2.423540e+11    0.000000e+00
   3.994000e+03    2.409743e+11    0.000000e+00
   3.995000e+03    2.394432e+11    0.000000e+00
   3.996000e+03    2.376496e+11    0.000000e+00
   3.997000e+03    2.353771e+11    0.000000e+00
   3.998000e+03    2.324309e+11    0.000000e+00
   3.999000e+03    2.291048e+11    0.000000e+00
   4.000000e+03    2.255566e+11    0.000000e+00
   4.001000e+03    2.223692e+11    0.000000e+00
   4.002000e+03    2.195867e+11    0.000000e+00
   4.003000e+03    2.172452e+11    0.000000e+00
   4.004000e+03    2.151912e+11    0.000000e+00
   4.005000e+03    2.134945e+11    0.000000e+00
   4.006000e+03    2.118957e+11    0.000000e+00
   4.007000e+03    2.104397e+11    0.000000e+00
   4.008000e+03    2.091227e+11    0.000000e+00
   4.009000e+03    2.079707e+11    0.000000e+00
   4.010000e+03    2.069295e+11    0.000000e+00
   4.011000e+03    2.058465e+11    0.000000e+00
   4.012000e+03    2.046771e+11    0.000000e+00
   4.013000e+03    2.033716e+11    0.000000e+00
   4.014000e+03    2.020882e+11    0.000000e+00
   4.015000e+03    2.007069e+11    0.000000e+00
   4.016000e+03    1.991957e+11    0.000000e+00
   4.017000e+03    1.976758e+11    0.000000e+00
   4.018000e+03    1.961602e+11    0.000000e+00
   4.019000e+03    1.946630e+11    0.000000e+00
   4.020000e+03    1.931255e+11    0.000000e+00
   4.021000e+03    1.915474e+11    0.000000e+00
   4.022000e+03    1.899100e+11    0.000000e+00
   4.023000e+03    1.881394e+11    0.000000e+00
   4.024000e+03    1.864013e+11    0.000000e+00
   4.025000e+03    1.849227e+11    0.000000e+00
   4.026000e+03    1.836797e+11    0.000000e+00
   4.027000e+03    1.825279e+11    0.000000e+00
   4.028000e+03    1.813194e+11    0.000000e+00
   4.029000e+03    1.801367e+11    0.000000e+00
   4.030000e+03    1.790922e+11    0.000000e+00
   4.031000e+03    1.781057e+11    0.000000e+00
   4.032000e+03    1.770239e+11    0.000000e+00
   4.033000e+03    1.759668e+11    0.000000e+00
   4.034000e+03    1.750630e+11    0.000000e+00
   4.035000e+03    1.743409e+11    0.000000e+00
   4.036000e+03    1.740471e+11    0.000000e+00
   4.037000e+03    1.743519e+11    0.000000e+00
   4.038000e+03    1.749371e+11    0.000000e+00
   4.039000e+03    1.754830e+11    0.000000e+00
   4.040000e+03    1.758583e+11    0.000000e+00
   4.041000e+03    1.760831e+11    0.000000e+00
   4.042000e+03    1.764096e+11    0.000000e+00
   4.043000e+03    1.770011e+11    0.000000e+00
   4.044000e+03    1.778736e+11    0.000000e+00
   4.045000e+03    1.790246e+11    0.000000e+00
   4.046000e+03    1.803337e+11    0.000000e+00
   4.047000e+03    1.817544e+11    0.000000e+00
   4.048000e+03    1.833300e+11    0.000000e+00
   4.049000e+03    1.851189e+11    0.000000e+00
   4.050000e+03    1.871754e+11    0.000000e+00
   4.051000e+03    1.895044e+11    0.000000e+00
   4.052000e+03    1.919964e+11    0.000000e+00
   4.053000e+03    1.945374e+11    0.000000e+00
   4.054000e+03    1.971657e+11    0.000000e+00
   4.055000e+03    1.998690e+11    0.000000e+00
   4.056000e+03    2.024120e+11    0.000000e+00
   4.057000e+03    2.046795e+11    0.000000e+00
   4.058000e+03    2.066271e+11    0.000000e+00
   4.059000e+03    2.082925e+11    0.000000e+00
   4.060000e+03    2.096803e+11    0.000000e+00
   4.061000e+03    2.107425e+11    0.000000e+00
   4.062000e+03    2.116248e+11    0.000000e+00
   4.063000e+03    2.124413e+11    0.000000e+00
   4.064000e+03    2.130741e+11    0.000000e+00
   4.065000e+03    2.135183e+11    0.000000e+00
   4.066000e+03    2.139240e+11    0.000000e+00
   4.067000e+03    2.144885e+11    0.000000e+00
   4.068000e+03    2.152004e+11    0.000000e+00
   4.069000e+03    2.158712e+11    0.000000e+00
   4.070000e+03    2.164933e+11    0.000000e+00
   4.071000e+03    2.170835e+11    0.000000e+00
   4.072000e+03    2.176046e+11    0.000000e+00
   4.073000e+03    2.180620e+11    0.000000e+00
   4.074000e+03    2.183591e+11    0.000000e+00
   4.075000e+03    2.183776e+11    0.000000e+00
   4.076000e+03    2.181258e+11    0.000000e+00
   4.077000e+03    2.175608e+11    0.000000e+00
   4.078000e+03    2.167156e+11    0.000000e+00
   4.079000e+03    2.158378e+11    0.000000e+00
   4.080000e+03    2.151434e+11    0.000000e+00
   4.081000e+03    2.146648e+11    0.000000e+00
   4.082000e+03    2.144992e+11    0.000000e+00
   4.083000e+03    2.146169e+11    0.000000e+00
   4.084000e+03    2.150204e+11    0.000000e+00
   4.085000e+03    2.157391e+11    0.000000e+00
   4.086000e+03    2.167663e+11    0.000000e+00
   4.087000e+03    2.179615e+11    0.000000e+00
   4.088000e+03    2.192907e+11    0.000000e+00
   4.089000e+03    2.206584e+11    0.000000e+00
   4.090000e+03    2.219069e+11    0.000000e+00
   4.091000e+03    2.230124e+11    0.000000e+00
   4.092000e+03    2.240219e+11    0.000000e+00
   4.093000e+03    2.250611e+11    0.000000e+00
   4.094000e+03    2.259839e+11    0.000000e+00
   4.095000e+03    2.266919e+11    0.000000e+00
   4.096000e+03    2.272496e+11    0.000000e+00
   4.097000e+03    2.276950e+11    0.000000e+00
   4.098000e+03    2.280656e+11    0.000000e+00
   4.099000e+03    2.283808e+11    0.000000e+00
   4.100000e+03    2.286546e+11    1.154352e-21
   4.101000e+03    2.288768e+11    1.076385e-21
   4.102000e+03    2.291163e+11    1.007998e-21
   4.103000e+03    2.294593e+11    9.568604e-22
   4.104000e+03    2.299685e+11    9.255139e-22
   4.105000e+03    2.305921e+11    9.044700e-22
   4.106000e+03    2.313382e+11    8.918859e-22
   4.107000e+03    2.321488e+11    8.795934e-22
   4.108000e+03    2.331292e+11    8.777209e-22
   4.109000e+03    2.342948e+11    8.862137e-22
   4.110000e+03    2.354656e+11    8.832424e-22
   4.111000e+03    2.365477e+11    8.568986e-22
   4.112000e+03    2.375667e+11    8.103466e-22
   4.113000e+03    2.388139e+11    7.706124e-22
   4.114000e+03    2.403867e+11    7.429778e-22
   4.115000e+03    2.422547e+11    7.227984e-22
   4.116000e+03    2.444743e+11    7.136978e-22
   4.117000e+03    2.470675e+11    7.167527e-22
   4.118000e+03    2.496582e+11    7.025133e-22
   4.119000e+03    2.522319e+11    6.684024e-22
   4.120000e+03    2.548746e+11    6.193923e-22
   4.121000e+03    2.576701e+11    6.050345e-22
   4.122000e+03    2.606555e+11    6.060355e-22
   4.123000e+03    2.637978e+11    6.170820e-22
   4.124000e+03    2.672822e+11    6.201596e-22
   4.125000e+03    2.710633e+11    6.127220e-22
   4.126000e+03    2.751701e+11    6.025658e-22
   4.127000e+03    2.800121e+11    5.660712e-22
   4.128000e+03    2.853690e+11    5.703017e-22
   4.129000e+03    2.905894e+11    5.800889e-22
   4.130000e+03    2.956117e+11    5.942582e-22
   4.131000e+03    3.003399e+11    6.098159e-22
   4.132000e+03    3.046052e+11    6.187832e-22
   4.133000e+03    3.083592e+11    6.190700e-22
   4.134000e+03    3.116837e+11    6.164379e-22
   4.135000e+03    3.147737e+11    6.235322e-22
   4.136000e+03    3.174120e+11    6.273507e-22
   4.137000e+03    3.189735e+11    5.901403e-22
   4.138000e+03    3.195304e+11    5.261615e-22
   4.139000e+03    3.192333e+11    4.549726e-22
   4.140000e+03    3.182384e+11    3.893251e-22
   4.141000e+03    3.166845e+11    3.341943e-22
   4.142000e+03    3.147169e+11    2.946440e-22
   4.143000e+03    3.125739e+11    2.745341e-22
   4.144000e+03    3.102791e+11    2.659168e-22
   4.145000e+03    3.080022e+11    2.609139e-22
   4.146000e+03    3.062581e+11    2.502002e-22
   4.147000e+03    3.047404e+11    2.376264e-22
   4.148000e+03    3.030770e+11    2.281554e-22
   4.149000e+03    3.013959e+11    2.224526e-22
   4.150000e+03    2.998398e+11    2.214774e-22
   4.151000e+03    2.984773e+11    2.255656e-22
   4.152000e+03    2.971102e+11    2.318530e-22
   4.153000e+03    2.956223e+11    2.384910e-22
   4.154000e+03    2.939922e+11    2.447643e-22
   4.155000e+03    2.922067e+11    2.497675e-22
   4.156000e+03    2.901366e+11    2.508735e-22
   4.157000e+03    2.879947e+11    2.515635e-22
   4.158000e+03    2.860195e+11    2.559923e-22
   4.159000e+03    2.843868e+11    2.678329e-22
   4.160000e+03    2.830399e+11    2.770278e-22
   4.161000e+03    2.821388e+11    2.852534e-22
   4.162000e+03    2.818473e+11    2.926545e-22
   4.163000e+03    2.819471e+11    3.032609e-22
   4.164000e+03    2.823263e+11    3.172552e-22
   4.165000e+03    2.829492e+11    3.349959e-22
   4.166000e+03    2.831705e+11    3.748338e-22
   4.167000e+03    2.828070e+11    4.064144e-22
   4.168000e+03    2.823174e+11    4.421605e-22
   4.169000e+03    2.817296e+11    4.843208e-22
   4.170000e+03    2.810394e+11    5.344117e-22
   4.171000e+03    2.801349e+11    5.879671e-22
   4.172000e+03    2.790687e+11    6.481252e-22
   4.173000e+03    2.777806e+11    7.115265e-22
   4.174000e+03    2.758462e+11    7.420870e-22
   4.175000e+03    2.732956e+11    7.356715e-22
   4.176000e+03    2.706554e+11    7.350047e-22
   4.177000e+03    2.679226e+11    7.409870e-22
   4.178000e+03    2.649778e+11    7.447657e-22
   4.179000e+03    2.620030e+11    7.615395e-22
   4.180000e+03    2.591214e+11    8.038092e-22
   4.181000e+03    2.564738e+11    8.642723e-22
   4.182000e+03    2.541203e+11    8.997583e-22
   4.183000e+03    2.522075e+11    8.954226e-22
   4.184000e+03    2.506491e+11    8.665537e-22
   4.185000e+03    2.488574e+11    8.803816e-22
   4.186000e+03    2.468791e+11    9.350948e-22
   4.187000e+03    2.449390e+11    9.963546e-22
   4.188000e+03    2.430467e+11    1.063661e-21
   4.189000e+03    2.411886e+11    1.132570e-21
   4.190000e+03    2.393260e+11    1.192799e-21
   4.191000e+03    2.374497e+11    1.237222e-21
   4.192000e+03    2.355010e+11    1.249807e-21
   4.193000e+03    2.333884e+11    1.211709e-21
   4.194000e+03    2.310721e+11    1.124436e-21
   4.195000e+03    2.286427e+11    1.016496e-21
   4.196000e+03    2.262423e+11    9.142355e-22
   4.197000e+03    2.239315e+11    8.248676e-22
   4.198000e+03    2.217820e+11    7.530128e-22
   4.199000e+03    2.198427e+11    6.986089e-22
   4.200000e+03    2.180379e+11    6.527471e-22
