oname Sphere1d-yp_ix2_iy0
data in W/cm2/sr/eV
   3.600000e+03    2.941934e+11    0.000000e+00
   3.601000e+03    2.947401e+11    0.000000e+00
   3.602000e+03    2.951598e+11    0.000000e+00
   3.603000e+03    2.952940e+11    0.000000e+00
   3.604000e+03    2.951377e+11    0.000000e+00
   3.605000e+03    2.948056e+11    0.000000e+00
   3.606000e+03    2.943275e+11    0.000000e+00
   3.607000e+03    2.936402e+11    0.000000e+00
   3.608000e+03    2.927749e+11    0.000000e+00
   3.609000e+03    2.918761e+11    0.000000e+00
   3.610000e+03    2.909487e+11    0.000000e+00
   3.611000e+03    2.900201e+11    0.000000e+00
   3.612000e+03    2.890825e+11    0.000000e+00
   3.613000e+03    2.881474e+11    0.000000e+00
   3.614000e+03    2.873075e+11    0.000000e+00
   3.615000e+03    2.864837e+11    0.000000e+00
   3.616000e+03    2.855389e+11    0.000000e+00
   3.617000e+03    2.844580e+11    0.000000e+00
   3.618000e+03    2.832064e+11    0.000000e+00
   3.619000e+03    2.817710e+11    0.000000e+00
   3.620000e+03    2.801167e+11    0.000000e+00
   3.621000e+03    2.787074e+11    0.000000e+00
   3.622000e+03    2.776847e+11    0.000000e+00
   3.623000e+03    2.770324e+11    0.000000e+00
   3.624000e+03    2.768490e+11    0.000000e+00
   3.625000e+03    2.767692e+11    0.000000e+00
   3.626000e+03    2.766973e+11    0.000000e+00
   3.627000e+03    2.768069e+11    0.000000e+00
   3.628000e+03    2.771912e+11    0.000000e+00
   3.629000e+03    2.779590e+11    0.000000e+00
   3.630000e+03    2.790073e+11    0.000000e+00
   3.631000e+03    2.799728e+11    0.000000e+00
   3.632000e+03    2.806792e+11    0.000000e+00
   3.633000e+03    2.809167e+11    0.000000e+00
   3.634000e+03    2.807771e+11    0.000000e+00
   3.635000e+03    2.805118e+11    0.000000e+00
   3.636000e+03    2.802789e+11    0.000000e+00
   3.637000e+03    2.806232e+11    0.000000e+00
   3.638000e+03    2.813593e+11    0.000000e+00
   3.639000e+03    2.821210e+11    0.000000e+00
   3.640000e+03    2.828286e+11    0.000000e+00
   3.641000e+03    2.833483e+11    0.000000e+00
   3.642000e+03    2.838252e+11    0.000000e+00
   3.643000e+03    2.843046e+11    0.000000e+00
   3.644000e+03    2.847196e+11    0.000000e+00
   3.645000e+03    2.850356e+11    7.884265e-22
   3.646000e+03    2.852728e+11    7.858112e-22
   3.647000e+03    2.854267e+11    7.736991e-22
   3.648000e+03    2.852054e+11    7.262569e-22
   3.649000e+03    2.847686e+11    6.618036e-22
   3.650000e+03    2.842824e+11    5.956911e-22
   3.651000e+03    2.839453e+11    5.395557e-22
   3.652000e+03    2.839641e+11    5.000136e-22
   3.653000e+03    2.841789e+11    4.665363e-22
   3.654000e+03    2.845733e+11    4.373535e-22
   3.655000e+03    2.851014e+11    4.097323e-22
   3.656000e+03    2.856817e+11    3.805379e-22
   3.657000e+03    2.863862e+11    3.511216e-22
   3.658000e+03    2.873119e+11    3.231884e-22
   3.659000e+03    2.889019e+11    3.055510e-22
   3.660000e+03    2.913335e+11    2.990514e-22
   3.661000e+03    2.947564e+11    3.051083e-22
   3.662000e+03    2.990137e+11    3.202713e-22
   3.663000e+03    3.037924e+11    3.379011e-22
   3.664000e+03    3.087323e+11    3.484236e-22
   3.665000e+03    3.138442e+11    3.512037e-22
   3.666000e+03    3.188404e+11    3.393054e-22
   3.667000e+03    3.236873e+11    3.193739e-22
   3.668000e+03    3.290011e+11    3.021784e-22
   3.669000e+03    3.347086e+11    2.860863e-22
   3.670000e+03    3.408599e+11    2.760725e-22
   3.671000e+03    3.475264e+11    2.729776e-22
   3.672000e+03    3.550542e+11    2.751686e-22
   3.673000e+03    3.634184e+11    2.893138e-22
   3.674000e+03    3.723831e+11    3.085925e-22
   3.675000e+03    3.818561e+11    3.324637e-22
   3.676000e+03    3.911693e+11    3.752346e-22
   3.677000e+03    4.002485e+11    4.287755e-22
   3.678000e+03    4.095082e+11    5.184831e-22
   3.679000e+03    4.185694e+11    6.537116e-22
   3.680000e+03    4.269292e+11    8.269111e-22
   3.681000e+03    4.339574e+11    9.712236e-22
   3.682000e+03    4.395940e+11    1.034772e-21
   3.683000e+03    4.437561e+11    9.855247e-22
   3.684000e+03    4.467629e+11    8.838309e-22
   3.685000e+03    4.489642e+11    7.879493e-22
   3.686000e+03    4.502390e+11    6.952214e-22
   3.687000e+03    4.507992e+11    6.254849e-22
   3.688000e+03    4.508372e+11    5.843886e-22
   3.689000e+03    4.503948e+11    5.679211e-22
   3.690000e+03    4.492620e+11    5.620792e-22
   3.691000e+03    4.471874e+11    5.526907e-22
   3.692000e+03    4.442515e+11    5.422498e-22
   3.693000e+03    4.404471e+11    5.281020e-22
   3.694000e+03    4.359109e+11    5.144661e-22
   3.695000e+03    4.306787e+11    4.999242e-22
   3.696000e+03    4.249318e+11    4.898726e-22
   3.697000e+03    4.189561e+11    4.931823e-22
   3.698000e+03    4.126353e+11    5.002317e-22
   3.699000e+03    4.057728e+11    4.979113e-22
   3.700000e+03    3.982508e+11    4.781526e-22
   3.701000e+03    3.902358e+11    4.486413e-22
   3.702000e+03    3.816803e+11    4.094473e-22
   3.703000e+03    3.729719e+11    3.751921e-22
   3.704000e+03    3.642980e+11    3.489354e-22
   3.705000e+03    3.560693e+11    3.373916e-22
   3.706000e+03    3.485929e+11    3.380620e-22
   3.707000e+03    3.413713e+11    3.412747e-22
   3.708000e+03    3.343391e+11    3.453823e-22
   3.709000e+03    3.276764e+11    3.485134e-22
   3.710000e+03    3.214708e+11    3.504650e-22
   3.711000e+03    3.155508e+11    3.602349e-22
   3.712000e+03    3.100014e+11    3.755601e-22
   3.713000e+03    3.049092e+11    3.962470e-22
   3.714000e+03    3.003277e+11    4.249805e-22
   3.715000e+03    2.962652e+11    4.643126e-22
   3.716000e+03    2.924971e+11    5.074358e-22
   3.717000e+03    2.884487e+11    5.252493e-22
   3.718000e+03    2.840977e+11    5.120569e-22
   3.719000e+03    2.796986e+11    4.821547e-22
   3.720000e+03    2.758371e+11    4.630951e-22
   3.721000e+03    2.726678e+11    0.000000e+00
   3.722000e+03    2.704623e+11    0.000000e+00
   3.723000e+03    2.689546e+11    0.000000e+00
   3.724000e+03    2.675934e+11    0.000000e+00
   3.725000e+03    2.664104e+11    0.000000e+00
   3.726000e+03    2.653504e+11    0.000000e+00
   3.727000e+03    2.642720e+11    0.000000e+00
   3.728000e+03    2.630853e+11    0.000000e+00
   3.729000e+03    2.618808e+11    0.000000e+00
   3.730000e+03    2.607313e+11    0.000000e+00
   3.731000e+03    2.596526e+11    0.000000e+00
   3.732000e+03    2.585732e+11    0.000000e+00
   3.733000e+03    2.576016e+11    0.000000e+00
   3.734000e+03    2.568313e+11    0.000000e+00
   3.735000e+03    2.562513e+11    0.000000e+00
   3.736000e+03    2.557119e+11    0.000000e+00
   3.737000e+03    2.550149e+11    0.000000e+00
   3.738000e+03    2.543359e+11    0.000000e+00
   3.739000e+03    2.537169e+11    0.000000e+00
   3.740000e+03    2.529135e+11    0.000000e+00
   3.741000e+03    2.518948e+11    0.000000e+00
   3.742000e+03    2.506313e+11    0.000000e+00
   3.743000e+03    2.491036e+11    0.000000e+00
   3.744000e+03    2.473200e+11    0.000000e+00
   3.745000e+03    2.453285e+11    0.000000e+00
   3.746000e+03    2.432098e+11    0.000000e+00
   3.747000e+03    2.411009e+11    0.000000e+00
   3.748000e+03    2.391003e+11    0.000000e+00
   3.749000e+03    2.372941e+11    0.000000e+00
   3.750000e+03    2.356651e+11    0.000000e+00
   3.751000e+03    2.341710e+11    0.000000e+00
   3.752000e+03    2.327844e+11    0.000000e+00
   3.753000e+03    2.314846e+11    0.000000e+00
   3.754000e+03    2.304073e+11    0.000000e+00
   3.755000e+03    2.296605e+11    0.000000e+00
   3.756000e+03    2.292757e+11    0.000000e+00
   3.757000e+03    2.291384e+11    0.000000e+00
   3.758000e+03    2.292079e+11    0.000000e+00
   3.759000e+03    2.293987e+11    0.000000e+00
   3.760000e+03    2.296561e+11    0.000000e+00
   3.761000e+03    2.299553e+11    0.000000e+00
   3.762000e+03    2.301372e+11    0.000000e+00
   3.763000e+03    2.301426e+11    0.000000e+00
   3.764000e+03    2.299852e+11    0.000000e+00
   3.765000e+03    2.298368e+11    0.000000e+00
   3.766000e+03    2.297770e+11    0.000000e+00
   3.767000e+03    2.298477e+11    0.000000e+00
   3.768000e+03    2.301324e+11    0.000000e+00
   3.769000e+03    2.306476e+11    0.000000e+00
   3.770000e+03    2.312415e+11    0.000000e+00
   3.771000e+03    2.319208e+11    0.000000e+00
   3.772000e+03    2.324836e+11    0.000000e+00
   3.773000e+03    2.328707e+11    0.000000e+00
   3.774000e+03    2.330138e+11    0.000000e+00
   3.775000e+03    2.329065e+11    0.000000e+00
   3.776000e+03    2.325990e+11    0.000000e+00
   3.777000e+03    2.320267e+11    0.000000e+00
   3.778000e+03    2.312329e+11    0.000000e+00
   3.779000e+03    2.302727e+11    0.000000e+00
   3.780000e+03    2.292031e+11    0.000000e+00
   3.781000e+03    2.281110e+11    0.000000e+00
   3.782000e+03    2.270799e+11    0.000000e+00
   3.783000e+03    2.263969e+11    0.000000e+00
   3.784000e+03    2.260963e+11    0.000000e+00
   3.785000e+03    2.261036e+11    0.000000e+00
   3.786000e+03    2.263890e+11    0.000000e+00
   3.787000e+03    2.268039e+11    0.000000e+00
   3.788000e+03    2.272785e+11    0.000000e+00
   3.789000e+03    2.278016e+11    0.000000e+00
   3.790000e+03    2.283371e+11    0.000000e+00
   3.791000e+03    2.288966e+11    0.000000e+00
   3.792000e+03    2.293826e+11    0.000000e+00
   3.793000e+03    2.297796e+11    0.000000e+00
   3.794000e+03    2.302243e+11    0.000000e+00
   3.795000e+03    2.306776e+11    0.000000e+00
   3.796000e+03    2.311802e+11    0.000000e+00
   3.797000e+03    2.317381e+11    0.000000e+00
   3.798000e+03    2.323203e+11    0.000000e+00
   3.799000e+03    2.328520e+11    0.000000e+00
   3.800000e+03    2.331813e+11    0.000000e+00
   3.801000e+03    2.333125e+11    0.000000e+00
   3.802000e+03    2.333644e+11    0.000000e+00
   3.803000e+03    2.333604e+11    0.000000e+00
   3.804000e+03    2.333220e+11    0.000000e+00
   3.805000e+03    2.332055e+11    0.000000e+00
   3.806000e+03    2.329766e+11    0.000000e+00
   3.807000e+03    2.325449e+11    0.000000e+00
   3.808000e+03    2.318880e+11    0.000000e+00
   3.809000e+03    2.310269e+11    0.000000e+00
   3.810000e+03    2.299519e+11    0.000000e+00
   3.811000e+03    2.286720e+11    0.000000e+00
   3.812000e+03    2.272407e+11    0.000000e+00
   3.813000e+03    2.256748e+11    0.000000e+00
   3.814000e+03    2.239716e+11    0.000000e+00
   3.815000e+03    2.222386e+11    0.000000e+00
   3.816000e+03    2.206192e+11    0.000000e+00
   3.817000e+03    2.191704e+11    0.000000e+00
   3.818000e+03    2.179484e+11    0.000000e+00
   3.819000e+03    2.170541e+11    0.000000e+00
   3.820000e+03    2.165299e+11    0.000000e+00
   3.821000e+03    2.163494e+11    0.000000e+00
   3.822000e+03    2.163358e+11    0.000000e+00
   3.823000e+03    2.165675e+11    0.000000e+00
   3.824000e+03    2.169741e+11    0.000000e+00
   3.825000e+03    2.174782e+11    0.000000e+00
   3.826000e+03    2.180727e+11    0.000000e+00
   3.827000e+03    2.187040e+11    0.000000e+00
   3.828000e+03    2.192600e+11    0.000000e+00
   3.829000e+03    2.197648e+11    0.000000e+00
   3.830000e+03    2.201920e+11    0.000000e+00
   3.831000e+03    2.206230e+11    0.000000e+00
   3.832000e+03    2.211603e+11    0.000000e+00
   3.833000e+03    2.217501e+11    0.000000e+00
   3.834000e+03    2.223385e+11    0.000000e+00
   3.835000e+03    2.228657e+11    0.000000e+00
   3.836000e+03    2.233109e+11    0.000000e+00
   3.837000e+03    2.236706e+11    0.000000e+00
   3.838000e+03    2.240207e+11    0.000000e+00
   3.839000e+03    2.244186e+11    0.000000e+00
   3.840000e+03    2.248776e+11    1.133207e-21
   3.841000e+03    2.254436e+11    1.129478e-21
   3.842000e+03    2.260992e+11    1.138101e-21
   3.843000e+03    2.267750e+11    1.146745e-21
   3.844000e+03    2.274968e+11    1.157567e-21
   3.845000e+03    2.282342e+11    1.164165e-21
   3.846000e+03    2.288636e+11    1.145498e-21
   3.847000e+03    2.293922e+11    1.103455e-21
   3.848000e+03    2.298882e+11    1.051138e-21
   3.849000e+03    2.304126e+11    9.989804e-22
   3.850000e+03    2.310009e+11    9.521883e-22
   3.851000e+03    2.316877e+11    9.147127e-22
   3.852000e+03    2.324747e+11    8.856932e-22
   3.853000e+03    2.334235e+11    8.703212e-22
   3.854000e+03    2.345261e+11    8.671226e-22
   3.855000e+03    2.357616e+11    8.745874e-22
   3.856000e+03    2.370896e+11    8.896384e-22
   3.857000e+03    2.385127e+11    9.144887e-22
   3.858000e+03    2.399645e+11    9.449402e-22
   3.859000e+03    2.414340e+11    9.821099e-22
   3.860000e+03    2.430175e+11    1.041140e-21
   3.861000e+03    2.447222e+11    1.130239e-21
   3.862000e+03    2.463355e+11    1.223315e-21
   3.863000e+03    2.477894e+11    1.304442e-21
   3.864000e+03    2.490491e+11    1.359082e-21
   3.865000e+03    2.500818e+11    1.373086e-21
   3.866000e+03    2.508833e+11    1.344157e-21
   3.867000e+03    2.515318e+11    1.291925e-21
   3.868000e+03    2.520567e+11    1.225884e-21
   3.869000e+03    2.524898e+11    1.155340e-21
   3.870000e+03    2.529455e+11    1.101066e-21
   3.871000e+03    2.533910e+11    1.057334e-21
   3.872000e+03    2.536456e+11    1.000277e-21
   3.873000e+03    2.537614e+11    9.389907e-22
   3.874000e+03    2.538155e+11    8.827592e-22
   3.875000e+03    2.537212e+11    8.219090e-22
   3.876000e+03    2.535862e+11    7.669545e-22
   3.877000e+03    2.538025e+11    7.475960e-22
   3.878000e+03    2.543300e+11    7.556763e-22
   3.879000e+03    2.551316e+11    7.878319e-22
   3.880000e+03    2.563464e+11    8.605816e-22
   3.881000e+03    2.578371e+11    9.710085e-22
   3.882000e+03    2.590774e+11    1.056892e-21
   3.883000e+03    2.600387e+11    1.095635e-21
   3.884000e+03    2.606639e+11    1.067011e-21
   3.885000e+03    2.611369e+11    9.990432e-22
   3.886000e+03    2.615656e+11    9.123778e-22
   3.887000e+03    2.618008e+11    7.990267e-22
   3.888000e+03    2.619709e+11    6.836777e-22
   3.889000e+03    2.626056e+11    6.037698e-22
   3.890000e+03    2.636949e+11    5.451678e-22
   3.891000e+03    2.652585e+11    5.015263e-22
   3.892000e+03    2.671492e+11    4.642927e-22
   3.893000e+03    2.693907e+11    4.336430e-22
   3.894000e+03    2.719809e+11    4.082220e-22
   3.895000e+03    2.749834e+11    3.890627e-22
   3.896000e+03    2.786310e+11    3.815785e-22
   3.897000e+03    2.829158e+11    3.831692e-22
   3.898000e+03    2.878132e+11    3.916084e-22
   3.899000e+03    2.933767e+11    4.074994e-22
   3.900000e+03    2.995442e+11    4.281382e-22
   3.901000e+03    3.059228e+11    4.372989e-22
   3.902000e+03    3.125761e+11    4.339334e-22
   3.903000e+03    3.195424e+11    4.181997e-22
   3.904000e+03    3.270376e+11    3.981481e-22
   3.905000e+03    3.350565e+11    3.741169e-22
   3.906000e+03    3.432298e+11    3.376871e-22
   3.907000e+03    3.516023e+11    2.955739e-22
   3.908000e+03    3.602461e+11    2.538462e-22
   3.909000e+03    3.686097e+11    2.081909e-22
   3.910000e+03    3.768714e+11    1.885923e-22
   3.911000e+03    3.869049e+11    1.704438e-22
   3.912000e+03    3.985607e+11    1.547248e-22
   3.913000e+03    4.116894e+11    1.417555e-22
   3.914000e+03    4.264687e+11    1.315490e-22
   3.915000e+03    4.427515e+11    1.251724e-22
   3.916000e+03    4.598727e+11    1.219343e-22
   3.917000e+03    4.776396e+11    1.207808e-22
   3.918000e+03    4.958574e+11    1.208444e-22
   3.919000e+03    5.148421e+11    1.240642e-22
   3.920000e+03    5.340021e+11    1.276512e-22
   3.921000e+03    5.525924e+11    1.277301e-22
   3.922000e+03    5.705738e+11    1.245886e-22
   3.923000e+03    5.882634e+11    1.208045e-22
   3.924000e+03    6.055201e+11    1.163290e-22
   3.925000e+03    6.221993e+11    1.112169e-22
   3.926000e+03    6.383870e+11    1.067443e-22
   3.927000e+03    6.541934e+11    1.040720e-22
   3.928000e+03    6.694007e+11    1.028646e-22
   3.929000e+03    6.838132e+11    1.031520e-22
   3.930000e+03    6.972350e+11    1.050753e-22
   3.931000e+03    7.095824e+11    1.099067e-22
   3.932000e+03    7.208544e+11    1.179264e-22
   3.933000e+03    7.312205e+11    1.288257e-22
   3.934000e+03    7.405065e+11    1.459320e-22
   3.935000e+03    7.485365e+11    1.713328e-22
   3.936000e+03    7.554847e+11    2.128736e-22
   3.937000e+03    7.606664e+11    2.728655e-22
   3.938000e+03    7.633044e+11    3.435174e-22
   3.939000e+03    7.632129e+11    4.118045e-22
   3.940000e+03    7.605338e+11    4.656845e-22
   3.941000e+03    7.551244e+11    4.835432e-22
   3.942000e+03    7.470497e+11    4.600991e-22
   3.943000e+03    7.361828e+11    3.979671e-22
   3.944000e+03    7.227291e+11    3.222830e-22
   3.945000e+03    7.076226e+11    2.634370e-22
   3.946000e+03    6.914028e+11    2.232486e-22
   3.947000e+03    6.741975e+11    1.951241e-22
   3.948000e+03    6.570676e+11    1.840797e-22
   3.949000e+03    6.407943e+11    1.641388e-22
   3.950000e+03    6.241839e+11    1.511384e-22
   3.951000e+03    6.074296e+11    1.427064e-22
   3.952000e+03    5.907886e+11    1.370879e-22
   3.953000e+03    5.742072e+11    1.374470e-22
   3.954000e+03    5.576998e+11    1.431630e-22
   3.955000e+03    5.416164e+11    1.532103e-22
   3.956000e+03    5.260508e+11    1.681578e-22
   3.957000e+03    5.108555e+11    1.868455e-22
   3.958000e+03    4.950288e+11    1.975499e-22
   3.959000e+03    4.785419e+11    1.965785e-22
   3.960000e+03    4.621658e+11    1.914230e-22
   3.961000e+03    4.460856e+11    1.840491e-22
   3.962000e+03    4.304366e+11    1.760064e-22
   3.963000e+03    4.153866e+11    1.691121e-22
   3.964000e+03    4.010494e+11    1.644952e-22
   3.965000e+03    3.876915e+11    1.643116e-22
   3.966000e+03    3.753773e+11    1.692096e-22
   3.967000e+03    3.637296e+11    1.765274e-22
   3.968000e+03    3.528172e+11    1.874552e-22
   3.969000e+03    3.427455e+11    2.039223e-22
   3.970000e+03    3.337820e+11    2.277853e-22
   3.971000e+03    3.258703e+11    2.624307e-22
   3.972000e+03    3.187139e+11    3.197695e-22
   3.973000e+03    3.122656e+11    4.064678e-22
   3.974000e+03    3.061537e+11    5.281081e-22
   3.975000e+03    2.996634e+11    6.531243e-22
   3.976000e+03    2.928096e+11    7.522874e-22
   3.977000e+03    2.856699e+11    7.993780e-22
   3.978000e+03    2.782091e+11    7.771012e-22
   3.979000e+03    2.705805e+11    7.080290e-22
   3.980000e+03    2.630442e+11    6.279169e-22
   3.981000e+03    2.558020e+11    5.569443e-22
   3.982000e+03    2.491416e+11    5.084182e-22
   3.983000e+03    2.432636e+11    4.855323e-22
   3.984000e+03    2.379740e+11    4.764409e-22
   3.985000e+03    2.329967e+11    4.690626e-22
   3.986000e+03    2.284844e+11    4.696361e-22
   3.987000e+03    2.246023e+11    4.858645e-22
   3.988000e+03    2.213974e+11    5.185104e-22
   3.989000e+03    2.188510e+11    5.623113e-22
   3.990000e+03    2.169711e+11    6.282758e-22
   3.991000e+03    2.155612e+11    0.000000e+00
   3.992000e+03    2.144741e+11    0.000000e+00
   3.993000e+03    2.136418e+11    0.000000e+00
   3.994000e+03    2.127607e+11    0.000000e+00
   3.995000e+03    2.115922e+11    0.000000e+00
   3.996000e+03    2.103085e+11    0.000000e+00
   3.997000e+03    2.089682e+11    0.000000e+00
   3.998000e+03    2.075501e+11    0.000000e+00
   3.999000e+03    2.063038e+11    0.000000e+00
   4.000000e+03    2.053534e+11    0.000000e+00
   4.001000e+03    2.044884e+11    0.000000e+00
   4.002000e+03    2.037620e+11    0.000000e+00
   4.003000e+03    2.032277e+11    0.000000e+00
   4.004000e+03    2.028078e+11    0.000000e+00
   4.005000e+03    2.024604e+11    0.000000e+00
   4.006000e+03    2.023310e+11    0.000000e+00
   4.007000e+03    2.023787e+11    0.000000e+00
   4.008000e+03    2.025870e+11    0.000000e+00
   4.009000e+03    2.028162e+11    0.000000e+00
   4.010000e+03    2.029822e+11    0.000000e+00
   4.011000e+03    2.030440e+11    0.000000e+00
   4.012000e+03    2.030813e+11    0.000000e+00
   4.013000e+03    2.030820e+11    0.000000e+00
   4.014000e+03    2.029331e+11    0.000000e+00
   4.015000e+03    2.025206e+11    0.000000e+00
   4.016000e+03    2.020302e+11    0.000000e+00
   4.017000e+03    2.015634e+11    0.000000e+00
   4.018000e+03    2.011466e+11    0.000000e+00
   4.019000e+03    2.008103e+11    0.000000e+00
   4.020000e+03    2.005196e+11    0.000000e+00
   4.021000e+03    2.002857e+11    0.000000e+00
   4.022000e+03    2.000627e+11    0.000000e+00
   4.023000e+03    1.999729e+11    0.000000e+00
   4.024000e+03    2.000154e+11    0.000000e+00
   4.025000e+03    2.001686e+11    0.000000e+00
   4.026000e+03    2.004169e+11    0.000000e+00
   4.027000e+03    2.007417e+11    0.000000e+00
   4.028000e+03    2.009910e+11    0.000000e+00
   4.029000e+03    2.011044e+11    0.000000e+00
   4.030000e+03    2.011550e+11    0.000000e+00
   4.031000e+03    2.010874e+11    0.000000e+00
   4.032000e+03    2.008223e+11    0.000000e+00
   4.033000e+03    2.003219e+11    0.000000e+00
   4.034000e+03    1.996746e+11    0.000000e+00
   4.035000e+03    1.988979e+11    0.000000e+00
   4.036000e+03    1.980061e+11    0.000000e+00
   4.037000e+03    1.970127e+11    0.000000e+00
   4.038000e+03    1.960005e+11    0.000000e+00
   4.039000e+03    1.950754e+11    0.000000e+00
   4.040000e+03    1.943168e+11    0.000000e+00
   4.041000e+03    1.936953e+11    0.000000e+00
   4.042000e+03    1.931067e+11    0.000000e+00
   4.043000e+03    1.925162e+11    0.000000e+00
   4.044000e+03    1.918860e+11    0.000000e+00
   4.045000e+03    1.911764e+11    0.000000e+00
   4.046000e+03    1.904178e+11    0.000000e+00
   4.047000e+03    1.896368e+11    0.000000e+00
   4.048000e+03    1.888361e+11    0.000000e+00
   4.049000e+03    1.880910e+11    0.000000e+00
   4.050000e+03    1.874796e+11    0.000000e+00
   4.051000e+03    1.869380e+11    0.000000e+00
   4.052000e+03    1.864121e+11    0.000000e+00
   4.053000e+03    1.858609e+11    0.000000e+00
   4.054000e+03    1.853524e+11    0.000000e+00
   4.055000e+03    1.849252e+11    0.000000e+00
   4.056000e+03    1.844832e+11    0.000000e+00
   4.057000e+03    1.839975e+11    0.000000e+00
   4.058000e+03    1.834707e+11    0.000000e+00
   4.059000e+03    1.829786e+11    0.000000e+00
   4.060000e+03    1.825563e+11    0.000000e+00
   4.061000e+03    1.822301e+11    0.000000e+00
   4.062000e+03    1.818867e+11    0.000000e+00
   4.063000e+03    1.815005e+11    0.000000e+00
   4.064000e+03    1.810649e+11    0.000000e+00
   4.065000e+03    1.805756e+11    0.000000e+00
   4.066000e+03    1.800697e+11    0.000000e+00
   4.067000e+03    1.796778e+11    0.000000e+00
   4.068000e+03    1.794038e+11    0.000000e+00
   4.069000e+03    1.791647e+11    0.000000e+00
   4.070000e+03    1.789410e+11    0.000000e+00
   4.071000e+03    1.787773e+11    0.000000e+00
   4.072000e+03    1.787249e+11    0.000000e+00
   4.073000e+03    1.787623e+11    0.000000e+00
   4.074000e+03    1.787817e+11    0.000000e+00
   4.075000e+03    1.787904e+11    0.000000e+00
   4.076000e+03    1.788081e+11    0.000000e+00
   4.077000e+03    1.787764e+11    0.000000e+00
   4.078000e+03    1.787379e+11    0.000000e+00
   4.079000e+03    1.788180e+11    0.000000e+00
   4.080000e+03    1.789583e+11    0.000000e+00
   4.081000e+03    1.791548e+11    0.000000e+00
   4.082000e+03    1.793962e+11    0.000000e+00
   4.083000e+03    1.796841e+11    0.000000e+00
   4.084000e+03    1.800241e+11    0.000000e+00
   4.085000e+03    1.804129e+11    0.000000e+00
   4.086000e+03    1.808693e+11    0.000000e+00
   4.087000e+03    1.814468e+11    0.000000e+00
   4.088000e+03    1.821371e+11    0.000000e+00
   4.089000e+03    1.828979e+11    0.000000e+00
   4.090000e+03    1.836745e+11    0.000000e+00
   4.091000e+03    1.844389e+11    0.000000e+00
   4.092000e+03    1.851900e+11    0.000000e+00
   4.093000e+03    1.859388e+11    0.000000e+00
   4.094000e+03    1.866366e+11    0.000000e+00
   4.095000e+03    1.872486e+11    0.000000e+00
   4.096000e+03    1.878038e+11    0.000000e+00
   4.097000e+03    1.883004e+11    0.000000e+00
   4.098000e+03    1.887260e+11    0.000000e+00
   4.099000e+03    1.891098e+11    0.000000e+00
   4.100000e+03    1.895337e+11    1.440839e-21
   4.101000e+03    1.900841e+11    1.374695e-21
   4.102000e+03    1.907511e+11    1.334299e-21
   4.103000e+03    1.915227e+11    1.315721e-21
   4.104000e+03    1.924156e+11    1.321717e-21
   4.105000e+03    1.933991e+11    1.347012e-21
   4.106000e+03    1.944626e+11    1.390888e-21
   4.107000e+03    1.956046e+11    1.454471e-21
   4.108000e+03    1.968551e+11    1.548668e-21
   4.109000e+03    1.982251e+11    1.683486e-21
   4.110000e+03    1.995286e+11    1.811764e-21
   4.111000e+03    2.006705e+11    1.892495e-21
   4.112000e+03    2.016261e+11    1.902411e-21
   4.113000e+03    2.024744e+11    1.859710e-21
   4.114000e+03    2.032273e+11    1.769331e-21
   4.115000e+03    2.038994e+11    1.643254e-21
   4.116000e+03    2.045495e+11    1.505385e-21
   4.117000e+03    2.052195e+11    1.370591e-21
   4.118000e+03    2.058545e+11    1.232361e-21
   4.119000e+03    2.064914e+11    1.102780e-21
   4.120000e+03    2.071624e+11    1.000864e-21
   4.121000e+03    2.080748e+11    9.303716e-22
   4.122000e+03    2.092575e+11    8.799492e-22
   4.123000e+03    2.106926e+11    8.469516e-22
   4.124000e+03    2.123298e+11    8.367799e-22
   4.125000e+03    2.141551e+11    8.474101e-22
   4.126000e+03    2.161125e+11    8.722089e-22
   4.127000e+03    2.184479e+11    8.821445e-22
   4.128000e+03    2.210807e+11    9.173937e-22
   4.129000e+03    2.238847e+11    9.765931e-22
   4.130000e+03    2.267636e+11    1.055001e-21
   4.131000e+03    2.296194e+11    1.146229e-21
   4.132000e+03    2.322558e+11    1.223016e-21
   4.133000e+03    2.346473e+11    1.278474e-21
   4.134000e+03    2.368093e+11    1.314435e-21
   4.135000e+03    2.386170e+11    1.308260e-21
   4.136000e+03    2.401153e+11    1.273172e-21
   4.137000e+03    2.413973e+11    1.232615e-21
   4.138000e+03    2.424965e+11    1.197302e-21
   4.139000e+03    2.433755e+11    1.164823e-21
   4.140000e+03    2.439167e+11    1.120777e-21
   4.141000e+03    2.441562e+11    1.073918e-21
   4.142000e+03    2.441633e+11    1.034997e-21
   4.143000e+03    2.440364e+11    1.015953e-21
   4.144000e+03    2.437637e+11    1.013976e-21
   4.145000e+03    2.433314e+11    1.026916e-21
   4.146000e+03    2.427235e+11    1.052978e-21
   4.147000e+03    2.418674e+11    1.079894e-21
   4.148000e+03    2.406901e+11    1.093094e-21
   4.149000e+03    2.392447e+11    1.095567e-21
   4.150000e+03    2.376108e+11    1.095014e-21
   4.151000e+03    2.358375e+11    1.094832e-21
   4.152000e+03    2.339202e+11    1.091509e-21
   4.153000e+03    2.318108e+11    1.075320e-21
   4.154000e+03    2.294544e+11    1.036856e-21
   4.155000e+03    2.269776e+11    9.936061e-22
   4.156000e+03    2.244819e+11    9.568557e-22
   4.157000e+03    2.220339e+11    9.313601e-22
   4.158000e+03    2.197149e+11    9.231110e-22
   4.159000e+03    2.176153e+11    9.237753e-22
   4.160000e+03    2.156319e+11    9.281536e-22
   4.161000e+03    2.137496e+11    9.419218e-22
   4.162000e+03    2.119930e+11    9.672782e-22
   4.163000e+03    2.104655e+11    9.984067e-22
   4.164000e+03    2.092121e+11    1.031114e-21
   4.165000e+03    2.082815e+11    1.062734e-21
   4.166000e+03    2.073899e+11    1.143708e-21
   4.167000e+03    2.064861e+11    1.227705e-21
   4.168000e+03    2.055615e+11    1.302313e-21
   4.169000e+03    2.046773e+11    1.376155e-21
   4.170000e+03    2.038071e+11    1.442084e-21
   4.171000e+03    2.029887e+11    1.505860e-21
   4.172000e+03    2.021567e+11    1.550266e-21
   4.173000e+03    2.012698e+11    1.563229e-21
   4.174000e+03    2.004278e+11    1.570717e-21
   4.175000e+03    1.995781e+11    1.561871e-21
   4.176000e+03    1.986958e+11    1.533200e-21
   4.177000e+03    1.977928e+11    1.490792e-21
   4.178000e+03    1.968367e+11    1.430581e-21
   4.179000e+03    1.959121e+11    1.373524e-21
   4.180000e+03    1.950964e+11    1.335303e-21
   4.181000e+03    1.944097e+11    1.318612e-21
   4.182000e+03    1.938099e+11    1.316300e-21
   4.183000e+03    1.932940e+11    1.327183e-21
   4.184000e+03    1.928629e+11    1.350816e-21
   4.185000e+03    1.925253e+11    1.388260e-21
   4.186000e+03    1.922772e+11    1.439902e-21
   4.187000e+03    1.921084e+11    1.505544e-21
   4.188000e+03    1.920142e+11    1.586704e-21
   4.189000e+03    1.919469e+11    1.673270e-21
   4.190000e+03    1.918138e+11    1.738430e-21
   4.191000e+03    1.915794e+11    1.766955e-21
   4.192000e+03    1.912679e+11    1.763539e-21
   4.193000e+03    1.909446e+11    1.748222e-21
   4.194000e+03    1.906080e+11    1.721183e-21
   4.195000e+03    1.902623e+11    1.685042e-21
   4.196000e+03    1.899142e+11    1.643425e-21
   4.197000e+03    1.895682e+11    1.599050e-21
   4.198000e+03    1.892291e+11    1.554899e-21
   4.199000e+03    1.889002e+11    1.512652e-21
   4.200000e+03    1.885914e+11    1.474715e-21
