oname Sphere1d-yp_ix3_iy0
data in W/cm2/sr/eV
   3.600000e+03    2.344319e+11    0.000000e+00
   3.601000e+03    2.344378e+11    0.000000e+00
   3.602000e+03    2.343055e+11    0.000000e+00
   3.603000e+03    2.340659e+11    0.000000e+00
   3.604000e+03    2.338028e+11    0.000000e+00
   3.605000e+03    2.335404e+11    0.000000e+00
   3.606000e+03    2.333489e+11    0.000000e+00
   3.607000e+03    2.332023e+11    0.000000e+00
   3.608000e+03    2.330563e+11    0.000000e+00
   3.609000e+03    2.329431e+11    0.000000e+00
   3.610000e+03    2.329179e+11    0.000000e+00
   3.611000e+03    2.329236e+11    0.000000e+00
   3.612000e+03    2.328960e+11    0.000000e+00
   3.613000e+03    2.327862e+11    0.000000e+00
   3.614000e+03    2.325464e+11    0.000000e+00
   3.615000e+03    2.322486e+11    0.000000e+00
   3.616000e+03    2.319491e+11    0.000000e+00
   3.617000e+03    2.316209e+11    0.000000e+00
   3.618000e+03    2.312504e+11    0.000000e+00
   3.619000e+03    2.308930e+11    0.000000e+00
   3.620000e+03    2.305714e+11    0.000000e+00
   3.621000e+03    2.302917e+11    0.000000e+00
   3.622000e+03    2.300494e+11    0.000000e+00
   3.623000e+03    2.297824e+11    0.000000e+00
   3.624000e+03    2.294777e+11    0.000000e+00
   3.625000e+03    2.292180e+11    0.000000e+00
   3.626000e+03    2.290041e+11    0.000000e+00
   3.627000e+03    2.287689e+11    0.000000e+00
   3.628000e+03    2.285046e+11    0.000000e+00
   3.629000e+03    2.282481e+11    0.000000e+00
   3.630000e+03    2.279908e+11    0.000000e+00
   3.631000e+03    2.278676e+11    0.000000e+00
   3.632000e+03    2.278849e+11    0.000000e+00
   3.633000e+03    2.279971e+11    0.000000e+00
   3.634000e+03    2.282227e+11    0.000000e+00
   3.635000e+03    2.285309e+11    0.000000e+00
   3.636000e+03    2.288561e+11    0.000000e+00
   3.637000e+03    2.290720e+11    0.000000e+00
   3.638000e+03    2.291176e+11    0.000000e+00
   3.639000e+03    2.290988e+11    0.000000e+00
   3.640000e+03    2.291898e+11    0.000000e+00
   3.641000e+03    2.293994e+11    0.000000e+00
   3.642000e+03    2.296956e+11    0.000000e+00
   3.643000e+03    2.299770e+11    0.000000e+00
   3.644000e+03    2.302678e+11    0.000000e+00
   3.645000e+03    2.306929e+11    2.718669e-21
   3.646000e+03    2.311950e+11    2.860088e-21
   3.647000e+03    2.316580e+11    2.974930e-21
   3.648000e+03    2.319892e+11    2.984506e-21
   3.649000e+03    2.321361e+11    2.851752e-21
   3.650000e+03    2.321148e+11    2.704350e-21
   3.651000e+03    2.321307e+11    2.537280e-21
   3.652000e+03    2.322074e+11    2.304283e-21
   3.653000e+03    2.323003e+11    2.083507e-21
   3.654000e+03    2.323138e+11    1.853719e-21
   3.655000e+03    2.322302e+11    1.681469e-21
   3.656000e+03    2.321114e+11    1.554608e-21
   3.657000e+03    2.319798e+11    1.459523e-21
   3.658000e+03    2.321269e+11    1.355104e-21
   3.659000e+03    2.325593e+11    1.250339e-21
   3.660000e+03    2.333763e+11    1.147448e-21
   3.661000e+03    2.345586e+11    1.102547e-21
   3.662000e+03    2.360901e+11    1.104451e-21
   3.663000e+03    2.378614e+11    1.135450e-21
   3.664000e+03    2.397598e+11    1.175042e-21
   3.665000e+03    2.416450e+11    1.213505e-21
   3.666000e+03    2.433382e+11    1.214037e-21
   3.667000e+03    2.448980e+11    1.187491e-21
   3.668000e+03    2.463089e+11    1.136126e-21
   3.669000e+03    2.475077e+11    1.071142e-21
   3.670000e+03    2.486093e+11    1.021338e-21
   3.671000e+03    2.498021e+11    9.719860e-22
   3.672000e+03    2.511918e+11    9.230479e-22
   3.673000e+03    2.529130e+11    9.103047e-22
   3.674000e+03    2.548201e+11    9.214089e-22
   3.675000e+03    2.567762e+11    9.425436e-22
   3.676000e+03    2.587624e+11    9.733614e-22
   3.677000e+03    2.607673e+11    1.015206e-21
   3.678000e+03    2.626338e+11    1.050371e-21
   3.679000e+03    2.642757e+11    1.067738e-21
   3.680000e+03    2.658172e+11    1.085894e-21
   3.681000e+03    2.673007e+11    1.112557e-21
   3.682000e+03    2.687129e+11    1.147734e-21
   3.683000e+03    2.700488e+11    1.192906e-21
   3.684000e+03    2.712168e+11    1.235735e-21
   3.685000e+03    2.721590e+11    1.267599e-21
   3.686000e+03    2.729230e+11    1.298274e-21
   3.687000e+03    2.736901e+11    1.365810e-21
   3.688000e+03    2.743948e+11    1.464373e-21
   3.689000e+03    2.749814e+11    1.588825e-21
   3.690000e+03    2.753832e+11    1.725512e-21
   3.691000e+03    2.753898e+11    1.806532e-21
   3.692000e+03    2.750747e+11    1.839014e-21
   3.693000e+03    2.744292e+11    1.813745e-21
   3.694000e+03    2.734874e+11    1.742280e-21
   3.695000e+03    2.723530e+11    1.659460e-21
   3.696000e+03    2.710759e+11    1.581771e-21
   3.697000e+03    2.697726e+11    1.537366e-21
   3.698000e+03    2.684042e+11    1.514032e-21
   3.699000e+03    2.668570e+11    1.485308e-21
   3.700000e+03    2.651988e+11    1.467009e-21
   3.701000e+03    2.633290e+11    1.434898e-21
   3.702000e+03    2.611958e+11    1.377240e-21
   3.703000e+03    2.589435e+11    1.322670e-21
   3.704000e+03    2.566349e+11    1.279655e-21
   3.705000e+03    2.542482e+11    1.240801e-21
   3.706000e+03    2.518493e+11    1.214963e-21
   3.707000e+03    2.495096e+11    1.211155e-21
   3.708000e+03    2.472765e+11    1.236317e-21
   3.709000e+03    2.452050e+11    1.264171e-21
   3.710000e+03    2.431688e+11    1.304603e-21
   3.711000e+03    2.411050e+11    1.379895e-21
   3.712000e+03    2.389521e+11    1.451278e-21
   3.713000e+03    2.368686e+11    1.547472e-21
   3.714000e+03    2.349366e+11    1.622363e-21
   3.715000e+03    2.331949e+11    1.664939e-21
   3.716000e+03    2.317000e+11    1.666725e-21
   3.717000e+03    2.302427e+11    1.688966e-21
   3.718000e+03    2.288048e+11    1.741801e-21
   3.719000e+03    2.272609e+11    1.854388e-21
   3.720000e+03    2.255983e+11    1.920072e-21
   3.721000e+03    2.238791e+11    0.000000e+00
   3.722000e+03    2.220784e+11    0.000000e+00
   3.723000e+03    2.202018e+11    0.000000e+00
   3.724000e+03    2.182853e+11    0.000000e+00
   3.725000e+03    2.165316e+11    0.000000e+00
   3.726000e+03    2.149787e+11    0.000000e+00
   3.727000e+03    2.136715e+11    0.000000e+00
   3.728000e+03    2.126454e+11    0.000000e+00
   3.729000e+03    2.118397e+11    0.000000e+00
   3.730000e+03    2.110910e+11    0.000000e+00
   3.731000e+03    2.103214e+11    0.000000e+00
   3.732000e+03    2.094139e+11    0.000000e+00
   3.733000e+03    2.083987e+11    0.000000e+00
   3.734000e+03    2.073152e+11    0.000000e+00
   3.735000e+03    2.062062e+11    0.000000e+00
   3.736000e+03    2.051092e+11    0.000000e+00
   3.737000e+03    2.041265e+11    0.000000e+00
   3.738000e+03    2.033218e+11    0.000000e+00
   3.739000e+03    2.025556e+11    0.000000e+00
   3.740000e+03    2.017979e+11    0.000000e+00
   3.741000e+03    2.011120e+11    0.000000e+00
   3.742000e+03    2.004631e+11    0.000000e+00
   3.743000e+03    1.998347e+11    0.000000e+00
   3.744000e+03    1.992163e+11    0.000000e+00
   3.745000e+03    1.986206e+11    0.000000e+00
   3.746000e+03    1.978608e+11    0.000000e+00
   3.747000e+03    1.969103e+11    0.000000e+00
   3.748000e+03    1.957642e+11    0.000000e+00
   3.749000e+03    1.944994e+11    0.000000e+00
   3.750000e+03    1.933061e+11    0.000000e+00
   3.751000e+03    1.921082e+11    0.000000e+00
   3.752000e+03    1.909564e+11    0.000000e+00
   3.753000e+03    1.899362e+11    0.000000e+00
   3.754000e+03    1.890103e+11    0.000000e+00
   3.755000e+03    1.881843e+11    0.000000e+00
   3.756000e+03    1.874753e+11    0.000000e+00
   3.757000e+03    1.868708e+11    0.000000e+00
   3.758000e+03    1.862944e+11    0.000000e+00
   3.759000e+03    1.856345e+11    0.000000e+00
   3.760000e+03    1.849281e+11    0.000000e+00
   3.761000e+03    1.842966e+11    0.000000e+00
   3.762000e+03    1.836996e+11    0.000000e+00
   3.763000e+03    1.830735e+11    0.000000e+00
   3.764000e+03    1.824421e+11    0.000000e+00
   3.765000e+03    1.818305e+11    0.000000e+00
   3.766000e+03    1.812427e+11    0.000000e+00
   3.767000e+03    1.807067e+11    0.000000e+00
   3.768000e+03    1.802373e+11    0.000000e+00
   3.769000e+03    1.797902e+11    0.000000e+00
   3.770000e+03    1.793331e+11    0.000000e+00
   3.771000e+03    1.789008e+11    0.000000e+00
   3.772000e+03    1.785092e+11    0.000000e+00
   3.773000e+03    1.781716e+11    0.000000e+00
   3.774000e+03    1.778933e+11    0.000000e+00
   3.775000e+03    1.776832e+11    0.000000e+00
   3.776000e+03    1.775387e+11    0.000000e+00
   3.777000e+03    1.773750e+11    0.000000e+00
   3.778000e+03    1.772244e+11    0.000000e+00
   3.779000e+03    1.771058e+11    0.000000e+00
   3.780000e+03    1.769011e+11    0.000000e+00
   3.781000e+03    1.766196e+11    0.000000e+00
   3.782000e+03    1.764376e+11    0.000000e+00
   3.783000e+03    1.763365e+11    0.000000e+00
   3.784000e+03    1.762600e+11    0.000000e+00
   3.785000e+03    1.762018e+11    0.000000e+00
   3.786000e+03    1.761418e+11    0.000000e+00
   3.787000e+03    1.760661e+11    0.000000e+00
   3.788000e+03    1.760034e+11    0.000000e+00
   3.789000e+03    1.760372e+11    0.000000e+00
   3.790000e+03    1.761357e+11    0.000000e+00
   3.791000e+03    1.762477e+11    0.000000e+00
   3.792000e+03    1.763746e+11    0.000000e+00
   3.793000e+03    1.765271e+11    0.000000e+00
   3.794000e+03    1.766874e+11    0.000000e+00
   3.795000e+03    1.767967e+11    0.000000e+00
   3.796000e+03    1.768234e+11    0.000000e+00
   3.797000e+03    1.767550e+11    0.000000e+00
   3.798000e+03    1.765843e+11    0.000000e+00
   3.799000e+03    1.763205e+11    0.000000e+00
   3.800000e+03    1.759657e+11    0.000000e+00
   3.801000e+03    1.755586e+11    0.000000e+00
   3.802000e+03    1.751214e+11    0.000000e+00
   3.803000e+03    1.747133e+11    0.000000e+00
   3.804000e+03    1.744308e+11    0.000000e+00
   3.805000e+03    1.742909e+11    0.000000e+00
   3.806000e+03    1.741849e+11    0.000000e+00
   3.807000e+03    1.741038e+11    0.000000e+00
   3.808000e+03    1.739649e+11    0.000000e+00
   3.809000e+03    1.737407e+11    0.000000e+00
   3.810000e+03    1.735303e+11    0.000000e+00
   3.811000e+03    1.733968e+11    0.000000e+00
   3.812000e+03    1.732685e+11    0.000000e+00
   3.813000e+03    1.731451e+11    0.000000e+00
   3.814000e+03    1.730161e+11    0.000000e+00
   3.815000e+03    1.728519e+11    0.000000e+00
   3.816000e+03    1.726345e+11    0.000000e+00
   3.817000e+03    1.723938e+11    0.000000e+00
   3.818000e+03    1.721329e+11    0.000000e+00
   3.819000e+03    1.718833e+11    0.000000e+00
   3.820000e+03    1.716511e+11    0.000000e+00
   3.821000e+03    1.714380e+11    0.000000e+00
   3.822000e+03    1.712926e+11    0.000000e+00
   3.823000e+03    1.712628e+11    0.000000e+00
   3.824000e+03    1.713197e+11    0.000000e+00
   3.825000e+03    1.714427e+11    0.000000e+00
   3.826000e+03    1.716086e+11    0.000000e+00
   3.827000e+03    1.717686e+11    0.000000e+00
   3.828000e+03    1.718842e+11    0.000000e+00
   3.829000e+03    1.719522e+11    0.000000e+00
   3.830000e+03    1.719844e+11    0.000000e+00
   3.831000e+03    1.719754e+11    0.000000e+00
   3.832000e+03    1.719096e+11    0.000000e+00
   3.833000e+03    1.717862e+11    0.000000e+00
   3.834000e+03    1.716150e+11    0.000000e+00
   3.835000e+03    1.713933e+11    0.000000e+00
   3.836000e+03    1.712018e+11    0.000000e+00
   3.837000e+03    1.710612e+11    0.000000e+00
   3.838000e+03    1.709917e+11    0.000000e+00
   3.839000e+03    1.710347e+11    0.000000e+00
   3.840000e+03    1.712033e+11    3.491983e-21
   3.841000e+03    1.713932e+11    3.633955e-21
   3.842000e+03    1.715908e+11    3.794043e-21
   3.843000e+03    1.718172e+11    3.997563e-21
   3.844000e+03    1.720660e+11    4.247842e-21
   3.845000e+03    1.723334e+11    4.550826e-21
   3.846000e+03    1.726081e+11    4.905547e-21
   3.847000e+03    1.728691e+11    5.292867e-21
   3.848000e+03    1.730083e+11    5.536633e-21
   3.849000e+03    1.730408e+11    5.630268e-21
   3.850000e+03    1.730295e+11    5.670671e-21
   3.851000e+03    1.729750e+11    5.659455e-21
   3.852000e+03    1.728671e+11    5.579496e-21
   3.853000e+03    1.726185e+11    5.292064e-21
   3.854000e+03    1.722615e+11    4.882787e-21
   3.855000e+03    1.719304e+11    4.552471e-21
   3.856000e+03    1.716650e+11    4.326066e-21
   3.857000e+03    1.715098e+11    4.229777e-21
   3.858000e+03    1.714202e+11    4.201532e-21
   3.859000e+03    1.713660e+11    4.206045e-21
   3.860000e+03    1.713401e+11    4.234266e-21
   3.861000e+03    1.713360e+11    4.279508e-21
   3.862000e+03    1.713405e+11    4.331487e-21
   3.863000e+03    1.712679e+11    4.296550e-21
   3.864000e+03    1.710792e+11    4.138950e-21
   3.865000e+03    1.708485e+11    3.952740e-21
   3.866000e+03    1.706065e+11    3.773518e-21
   3.867000e+03    1.703838e+11    3.629812e-21
   3.868000e+03    1.702105e+11    3.542176e-21
   3.869000e+03    1.700999e+11    3.514404e-21
   3.870000e+03    1.700173e+11    3.511744e-21
   3.871000e+03    1.699595e+11    3.528174e-21
   3.872000e+03    1.699672e+11    3.594385e-21
   3.873000e+03    1.700265e+11    3.697365e-21
   3.874000e+03    1.700460e+11    3.751669e-21
   3.875000e+03    1.700527e+11    3.775739e-21
   3.876000e+03    1.700572e+11    3.775891e-21
   3.877000e+03    1.701014e+11    3.787012e-21
   3.878000e+03    1.701914e+11    3.814730e-21
   3.879000e+03    1.703645e+11    3.895483e-21
   3.880000e+03    1.706413e+11    4.056475e-21
   3.881000e+03    1.709887e+11    4.275736e-21
   3.882000e+03    1.713321e+11    4.470619e-21
   3.883000e+03    1.716591e+11    4.620166e-21
   3.884000e+03    1.719323e+11    4.680726e-21
   3.885000e+03    1.721446e+11    4.641603e-21
   3.886000e+03    1.722859e+11    4.494525e-21
   3.887000e+03    1.723981e+11    4.299289e-21
   3.888000e+03    1.724956e+11    4.077403e-21
   3.889000e+03    1.725087e+11    3.764378e-21
   3.890000e+03    1.724785e+11    3.421158e-21
   3.891000e+03    1.725523e+11    3.165883e-21
   3.892000e+03    1.727439e+11    2.983240e-21
   3.893000e+03    1.730286e+11    2.841200e-21
   3.894000e+03    1.733777e+11    2.715053e-21
   3.895000e+03    1.738023e+11    2.607074e-21
   3.896000e+03    1.744393e+11    2.584375e-21
   3.897000e+03    1.752588e+11    2.626895e-21
   3.898000e+03    1.762403e+11    2.726638e-21
   3.899000e+03    1.773166e+11    2.850634e-21
   3.900000e+03    1.784366e+11    2.968488e-21
   3.901000e+03    1.794982e+11    3.007711e-21
   3.902000e+03    1.805198e+11    2.971945e-21
   3.903000e+03    1.815041e+11    2.864741e-21
   3.904000e+03    1.825260e+11    2.741701e-21
   3.905000e+03    1.835941e+11    2.612352e-21
   3.906000e+03    1.846280e+11    2.441399e-21
   3.907000e+03    1.856805e+11    2.265801e-21
   3.908000e+03    1.867642e+11    2.137469e-21
   3.909000e+03    1.879722e+11    2.019335e-21
   3.910000e+03    1.892845e+11    1.915236e-21
   3.911000e+03    1.904519e+11    1.901352e-21
   3.912000e+03    1.916185e+11    1.982553e-21
   3.913000e+03    1.932288e+11    2.018916e-21
   3.914000e+03    1.951345e+11    1.989384e-21
   3.915000e+03    1.972913e+11    1.908677e-21
   3.916000e+03    1.997045e+11    1.883714e-21
   3.917000e+03    2.022818e+11    1.909723e-21
   3.918000e+03    2.048132e+11    1.920964e-21
   3.919000e+03    2.072962e+11    1.921314e-21
   3.920000e+03    2.097311e+11    1.915814e-21
   3.921000e+03    2.121513e+11    1.919545e-21
   3.922000e+03    2.145205e+11    1.923916e-21
   3.923000e+03    2.167700e+11    1.909017e-21
   3.924000e+03    2.189293e+11    1.888553e-21
   3.925000e+03    2.210369e+11    1.878521e-21
   3.926000e+03    2.231370e+11    1.894772e-21
   3.927000e+03    2.252062e+11    1.932022e-21
   3.928000e+03    2.272202e+11    1.984884e-21
   3.929000e+03    2.291478e+11    2.045993e-21
   3.930000e+03    2.309228e+11    2.093512e-21
   3.931000e+03    2.324074e+11    2.077071e-21
   3.932000e+03    2.336618e+11    2.024724e-21
   3.933000e+03    2.348476e+11    2.000903e-21
   3.934000e+03    2.359514e+11    2.002221e-21
   3.935000e+03    2.369941e+11    2.039193e-21
   3.936000e+03    2.379614e+11    2.113239e-21
   3.937000e+03    2.387766e+11    2.202395e-21
   3.938000e+03    2.393559e+11    2.276232e-21
   3.939000e+03    2.396880e+11    2.328769e-21
   3.940000e+03    2.397590e+11    2.353026e-21
   3.941000e+03    2.395622e+11    2.351069e-21
   3.942000e+03    2.390729e+11    2.316508e-21
   3.943000e+03    2.383064e+11    2.253846e-21
   3.944000e+03    2.372661e+11    2.164460e-21
   3.945000e+03    2.359908e+11    2.063997e-21
   3.946000e+03    2.344906e+11    1.954091e-21
   3.947000e+03    2.328056e+11    1.846597e-21
   3.948000e+03    2.310612e+11    1.777439e-21
   3.949000e+03    2.292967e+11    1.750377e-21
   3.950000e+03    2.274828e+11    1.751953e-21
   3.951000e+03    2.256365e+11    1.784886e-21
   3.952000e+03    2.236902e+11    1.828111e-21
   3.953000e+03    2.216694e+11    1.889425e-21
   3.954000e+03    2.195977e+11    1.977833e-21
   3.955000e+03    2.173722e+11    2.056619e-21
   3.956000e+03    2.149879e+11    2.116869e-21
   3.957000e+03    2.124071e+11    2.135936e-21
   3.958000e+03    2.096820e+11    2.127669e-21
   3.959000e+03    2.068194e+11    2.090442e-21
   3.960000e+03    2.039258e+11    2.062330e-21
   3.961000e+03    2.010299e+11    2.051701e-21
   3.962000e+03    1.981498e+11    2.062343e-21
   3.963000e+03    1.952304e+11    2.069050e-21
   3.964000e+03    1.922867e+11    2.072614e-21
   3.965000e+03    1.893975e+11    2.097610e-21
   3.966000e+03    1.866037e+11    2.155878e-21
   3.967000e+03    1.839645e+11    2.216396e-21
   3.968000e+03    1.813902e+11    2.303346e-21
   3.969000e+03    1.789078e+11    2.418205e-21
   3.970000e+03    1.768381e+11    2.429241e-21
   3.971000e+03    1.752209e+11    2.318621e-21
   3.972000e+03    1.736463e+11    2.283962e-21
   3.973000e+03    1.721171e+11    2.336805e-21
   3.974000e+03    1.705950e+11    2.494996e-21
   3.975000e+03    1.689671e+11    2.604745e-21
   3.976000e+03    1.672494e+11    2.628815e-21
   3.977000e+03    1.655976e+11    2.646450e-21
   3.978000e+03    1.639829e+11    2.640828e-21
   3.979000e+03    1.624250e+11    2.621422e-21
   3.980000e+03    1.609266e+11    2.588393e-21
   3.981000e+03    1.595103e+11    2.552474e-21
   3.982000e+03    1.582688e+11    2.561025e-21
   3.983000e+03    1.572450e+11    2.637880e-21
   3.984000e+03    1.563912e+11    2.764374e-21
   3.985000e+03    1.556067e+11    2.888734e-21
   3.986000e+03    1.548862e+11    3.007338e-21
   3.987000e+03    1.542154e+11    3.111719e-21
   3.988000e+03    1.535742e+11    3.188016e-21
   3.989000e+03    1.530382e+11    3.293138e-21
   3.990000e+03    1.527156e+11    3.523348e-21
   3.991000e+03    1.525465e+11    0.000000e+00
   3.992000e+03    1.524217e+11    0.000000e+00
   3.993000e+03    1.523184e+11    0.000000e+00
   3.994000e+03    1.521903e+11    0.000000e+00
   3.995000e+03    1.519948e+11    0.000000e+00
   3.996000e+03    1.517737e+11    0.000000e+00
   3.997000e+03    1.515494e+11    0.000000e+00
   3.998000e+03    1.513122e+11    0.000000e+00
   3.999000e+03    1.510632e+11    0.000000e+00
   4.000000e+03    1.507974e+11    0.000000e+00
   4.001000e+03    1.505317e+11    0.000000e+00
   4.002000e+03    1.502824e+11    0.000000e+00
   4.003000e+03    1.500538e+11    0.000000e+00
   4.004000e+03    1.498677e+11    0.000000e+00
   4.005000e+03    1.497497e+11    0.000000e+00
   4.006000e+03    1.496831e+11    0.000000e+00
   4.007000e+03    1.496724e+11    0.000000e+00
   4.008000e+03    1.497168e+11    0.000000e+00
   4.009000e+03    1.497376e+11    0.000000e+00
   4.010000e+03    1.497118e+11    0.000000e+00
   4.011000e+03    1.496984e+11    0.000000e+00
   4.012000e+03    1.497059e+11    0.000000e+00
   4.013000e+03    1.497266e+11    0.000000e+00
   4.014000e+03    1.497213e+11    0.000000e+00
   4.015000e+03    1.496591e+11    0.000000e+00
   4.016000e+03    1.495652e+11    0.000000e+00
   4.017000e+03    1.494391e+11    0.000000e+00
   4.018000e+03    1.492683e+11    0.000000e+00
   4.019000e+03    1.490560e+11    0.000000e+00
   4.020000e+03    1.487891e+11    0.000000e+00
   4.021000e+03    1.484847e+11    0.000000e+00
   4.022000e+03    1.481503e+11    0.000000e+00
   4.023000e+03    1.478055e+11    0.000000e+00
   4.024000e+03    1.474831e+11    0.000000e+00
   4.025000e+03    1.471835e+11    0.000000e+00
   4.026000e+03    1.468676e+11    0.000000e+00
   4.027000e+03    1.465582e+11    0.000000e+00
   4.028000e+03    1.463018e+11    0.000000e+00
   4.029000e+03    1.460771e+11    0.000000e+00
   4.030000e+03    1.458776e+11    0.000000e+00
   4.031000e+03    1.456888e+11    0.000000e+00
   4.032000e+03    1.454808e+11    0.000000e+00
   4.033000e+03    1.452488e+11    0.000000e+00
   4.034000e+03    1.450140e+11    0.000000e+00
   4.035000e+03    1.447807e+11    0.000000e+00
   4.036000e+03    1.445736e+11    0.000000e+00
   4.037000e+03    1.444391e+11    0.000000e+00
   4.038000e+03    1.443520e+11    0.000000e+00
   4.039000e+03    1.442624e+11    0.000000e+00
   4.040000e+03    1.441857e+11    0.000000e+00
   4.041000e+03    1.441115e+11    0.000000e+00
   4.042000e+03    1.439996e+11    0.000000e+00
   4.043000e+03    1.438605e+11    0.000000e+00
   4.044000e+03    1.437113e+11    0.000000e+00
   4.045000e+03    1.435493e+11    0.000000e+00
   4.046000e+03    1.433975e+11    0.000000e+00
   4.047000e+03    1.432781e+11    0.000000e+00
   4.048000e+03    1.431640e+11    0.000000e+00
   4.049000e+03    1.430275e+11    0.000000e+00
   4.050000e+03    1.428612e+11    0.000000e+00
   4.051000e+03    1.426805e+11    0.000000e+00
   4.052000e+03    1.424987e+11    0.000000e+00
   4.053000e+03    1.422991e+11    0.000000e+00
   4.054000e+03    1.420686e+11    0.000000e+00
   4.055000e+03    1.418038e+11    0.000000e+00
   4.056000e+03    1.415242e+11    0.000000e+00
   4.057000e+03    1.412415e+11    0.000000e+00
   4.058000e+03    1.409595e+11    0.000000e+00
   4.059000e+03    1.406909e+11    0.000000e+00
   4.060000e+03    1.404437e+11    0.000000e+00
   4.061000e+03    1.402093e+11    0.000000e+00
   4.062000e+03    1.399921e+11    0.000000e+00
   4.063000e+03    1.397993e+11    0.000000e+00
   4.064000e+03    1.396354e+11    0.000000e+00
   4.065000e+03    1.395013e+11    0.000000e+00
   4.066000e+03    1.393838e+11    0.000000e+00
   4.067000e+03    1.392882e+11    0.000000e+00
   4.068000e+03    1.392121e+11    0.000000e+00
   4.069000e+03    1.391380e+11    0.000000e+00
   4.070000e+03    1.390585e+11    0.000000e+00
   4.071000e+03    1.389675e+11    0.000000e+00
   4.072000e+03    1.388553e+11    0.000000e+00
   4.073000e+03    1.387173e+11    0.000000e+00
   4.074000e+03    1.385641e+11    0.000000e+00
   4.075000e+03    1.383740e+11    0.000000e+00
   4.076000e+03    1.381511e+11    0.000000e+00
   4.077000e+03    1.379152e+11    0.000000e+00
   4.078000e+03    1.376710e+11    0.000000e+00
   4.079000e+03    1.374427e+11    0.000000e+00
   4.080000e+03    1.372523e+11    0.000000e+00
   4.081000e+03    1.370999e+11    0.000000e+00
   4.082000e+03    1.369682e+11    0.000000e+00
   4.083000e+03    1.368469e+11    0.000000e+00
   4.084000e+03    1.367481e+11    0.000000e+00
   4.085000e+03    1.367116e+11    0.000000e+00
   4.086000e+03    1.367301e+11    0.000000e+00
   4.087000e+03    1.367612e+11    0.000000e+00
   4.088000e+03    1.368064e+11    0.000000e+00
   4.089000e+03    1.368623e+11    0.000000e+00
   4.090000e+03    1.369290e+11    0.000000e+00
   4.091000e+03    1.370054e+11    0.000000e+00
   4.092000e+03    1.370897e+11    0.000000e+00
   4.093000e+03    1.371747e+11    0.000000e+00
   4.094000e+03    1.372541e+11    0.000000e+00
   4.095000e+03    1.373050e+11    0.000000e+00
   4.096000e+03    1.373146e+11    0.000000e+00
   4.097000e+03    1.373042e+11    0.000000e+00
   4.098000e+03    1.372987e+11    0.000000e+00
   4.099000e+03    1.372940e+11    0.000000e+00
   4.100000e+03    1.373128e+11    5.643436e-21
   4.101000e+03    1.373748e+11    5.540093e-21
   4.102000e+03    1.374761e+11    5.486432e-21
   4.103000e+03    1.376166e+11    5.481485e-21
   4.104000e+03    1.377964e+11    5.526018e-21
   4.105000e+03    1.380005e+11    5.599890e-21
   4.106000e+03    1.381984e+11    5.655907e-21
   4.107000e+03    1.383836e+11    5.685095e-21
   4.108000e+03    1.386004e+11    5.766028e-21
   4.109000e+03    1.388539e+11    5.912638e-21
   4.110000e+03    1.391304e+11    6.106462e-21
   4.111000e+03    1.393920e+11    6.277509e-21
   4.112000e+03    1.396443e+11    6.435391e-21
   4.113000e+03    1.398933e+11    6.592975e-21
   4.114000e+03    1.401304e+11    6.732819e-21
   4.115000e+03    1.403504e+11    6.842084e-21
   4.116000e+03    1.405527e+11    6.917009e-21
   4.117000e+03    1.407327e+11    6.946188e-21
   4.118000e+03    1.408882e+11    6.924074e-21
   4.119000e+03    1.410127e+11    6.837705e-21
   4.120000e+03    1.411213e+11    6.724740e-21
   4.121000e+03    1.412208e+11    6.602972e-21
   4.122000e+03    1.413380e+11    6.530687e-21
   4.123000e+03    1.414616e+11    6.484822e-21
   4.124000e+03    1.415882e+11    6.459710e-21
   4.125000e+03    1.416961e+11    6.413938e-21
   4.126000e+03    1.417813e+11    6.344417e-21
   4.127000e+03    1.418790e+11    6.326600e-21
   4.128000e+03    1.419813e+11    6.347326e-21
   4.129000e+03    1.420802e+11    6.394464e-21
   4.130000e+03    1.421635e+11    6.445124e-21
   4.131000e+03    1.422324e+11    6.501619e-21
   4.132000e+03    1.422814e+11    6.551814e-21
   4.133000e+03    1.423040e+11    6.581132e-21
   4.134000e+03    1.423233e+11    6.638374e-21
   4.135000e+03    1.423432e+11    6.732646e-21
   4.136000e+03    1.423658e+11    6.871679e-21
   4.137000e+03    1.423845e+11    7.046145e-21
   4.138000e+03    1.423798e+11    7.208531e-21
   4.139000e+03    1.423368e+11    7.314937e-21
   4.140000e+03    1.422558e+11    7.358385e-21
   4.141000e+03    1.421415e+11    7.346981e-21
   4.142000e+03    1.420086e+11    7.316636e-21
   4.143000e+03    1.418676e+11    7.291061e-21
   4.144000e+03    1.417269e+11    7.288816e-21
   4.145000e+03    1.415844e+11    7.303737e-21
   4.146000e+03    1.414254e+11    7.297920e-21
   4.147000e+03    1.412318e+11    7.226052e-21
   4.148000e+03    1.410079e+11    7.101610e-21
   4.149000e+03    1.407576e+11    6.937959e-21
   4.150000e+03    1.404794e+11    6.736485e-21
   4.151000e+03    1.401879e+11    6.532948e-21
   4.152000e+03    1.398954e+11    6.350963e-21
   4.153000e+03    1.395986e+11    6.179800e-21
   4.154000e+03    1.392962e+11    6.014450e-21
   4.155000e+03    1.389968e+11    5.870011e-21
   4.156000e+03    1.387072e+11    5.756373e-21
   4.157000e+03    1.384405e+11    5.690346e-21
   4.158000e+03    1.382109e+11    5.691519e-21
   4.159000e+03    1.379924e+11    5.711987e-21
   4.160000e+03    1.377688e+11    5.722010e-21
   4.161000e+03    1.375440e+11    5.726774e-21
   4.162000e+03    1.373317e+11    5.748372e-21
   4.163000e+03    1.371344e+11    5.790444e-21
   4.164000e+03    1.369510e+11    5.850018e-21
   4.165000e+03    1.367993e+11    5.958781e-21
   4.166000e+03    1.366907e+11    6.139960e-21
   4.167000e+03    1.365779e+11    6.305857e-21
   4.168000e+03    1.364498e+11    6.430860e-21
   4.169000e+03    1.362989e+11    6.495674e-21
   4.170000e+03    1.361466e+11    6.543616e-21
   4.171000e+03    1.359956e+11    6.581166e-21
   4.172000e+03    1.358283e+11    6.573580e-21
   4.173000e+03    1.356539e+11    6.539651e-21
   4.174000e+03    1.354751e+11    6.484300e-21
   4.175000e+03    1.352932e+11    6.409784e-21
   4.176000e+03    1.351158e+11    6.332133e-21
   4.177000e+03    1.349461e+11    6.258286e-21
   4.178000e+03    1.347949e+11    6.210005e-21
   4.179000e+03    1.346670e+11    6.196434e-21
   4.180000e+03    1.345667e+11    6.227117e-21
   4.181000e+03    1.344726e+11    6.261204e-21
   4.182000e+03    1.343848e+11    6.299159e-21
   4.183000e+03    1.343046e+11    6.344543e-21
   4.184000e+03    1.342569e+11    6.449687e-21
   4.185000e+03    1.342419e+11    6.620314e-21
   4.186000e+03    1.342210e+11    6.777342e-21
   4.187000e+03    1.341908e+11    6.910839e-21
   4.188000e+03    1.341491e+11    7.011929e-21
   4.189000e+03    1.340995e+11    7.087061e-21
   4.190000e+03    1.340396e+11    7.129971e-21
   4.191000e+03    1.339689e+11    7.139110e-21
   4.192000e+03    1.338927e+11    7.126951e-21
   4.193000e+03    1.338099e+11    7.090981e-21
   4.194000e+03    1.337171e+11    7.023351e-21
   4.195000e+03    1.336059e+11    6.904983e-21
   4.196000e+03    1.334818e+11    6.750245e-21
   4.197000e+03    1.333636e+11    6.602819e-21
   4.198000e+03    1.332533e+11    6.467300e-21
   4.199000e+03    1.331539e+11    6.350122e-21
   4.200000e+03    1.330696e+11    6.258307e-21
