oname ObjectiveName
data in arbitrary_units
   3.600000e+03    2.187025e+02    0.000000e+00
   3.601000e+03    2.163189e+02    0.000000e+00
   3.602000e+03    2.140303e+02    0.000000e+00
   3.603000e+03    2.118643e+02    0.000000e+00
   3.604000e+03    2.100424e+02    0.000000e+00
   3.605000e+03    2.085231e+02    0.000000e+00
   3.606000e+03    2.071579e+02    0.000000e+00
   3.607000e+03    2.059500e+02    0.000000e+00
   3.608000e+03    2.051205e+02    0.000000e+00
   3.609000e+03    2.045896e+02    0.000000e+00
   3.610000e+03    2.040968e+02    0.000000e+00
   3.611000e+03    2.036487e+02    0.000000e+00
   3.612000e+03    2.030217e+02    0.000000e+00
   3.613000e+03    2.022894e+02    0.000000e+00
   3.614000e+03    2.017623e+02    0.000000e+00
   3.615000e+03    2.014438e+02    0.000000e+00
   3.616000e+03    2.012385e+02    0.000000e+00
   3.617000e+03    2.011806e+02    0.000000e+00
   3.618000e+03    2.014667e+02    0.000000e+00
   3.619000e+03    2.020751e+02    0.000000e+00
   3.620000e+03    2.030249e+02    0.000000e+00
   3.621000e+03    2.041066e+02    0.000000e+00
   3.622000e+03    2.055728e+02    0.000000e+00
   3.623000e+03    2.075405e+02    0.000000e+00
   3.624000e+03    2.098881e+02    0.000000e+00
   3.625000e+03    2.125358e+02    0.000000e+00
   3.626000e+03    2.150569e+02    0.000000e+00
   3.627000e+03    2.173761e+02    0.000000e+00
   3.628000e+03    2.195867e+02    0.000000e+00
   3.629000e+03    2.215952e+02    0.000000e+00
   3.630000e+03    2.232325e+02    0.000000e+00
   3.631000e+03    2.243732e+02    0.000000e+00
   3.632000e+03    2.249862e+02    0.000000e+00
   3.633000e+03    2.250618e+02    0.000000e+00
   3.634000e+03    2.247057e+02    0.000000e+00
   3.635000e+03    2.238307e+02    0.000000e+00
   3.636000e+03    2.226399e+02    0.000000e+00
   3.637000e+03    2.210235e+02    0.000000e+00
   3.638000e+03    2.192132e+02    0.000000e+00
   3.639000e+03    2.179312e+02    0.000000e+00
   3.640000e+03    2.172315e+02    0.000000e+00
   3.641000e+03    2.169506e+02    0.000000e+00
   3.642000e+03    2.170700e+02    0.000000e+00
   3.643000e+03    2.170392e+02    0.000000e+00
   3.644000e+03    2.168700e+02    0.000000e+00
   3.645000e+03    2.167948e+02    1.230087e-03
   3.646000e+03    2.168370e+02    1.265855e-03
   3.647000e+03    2.165028e+02    1.196413e-03
   3.648000e+03    2.158028e+02    1.039431e-03
   3.649000e+03    2.149145e+02    8.570475e-04
   3.650000e+03    2.139229e+02    7.117636e-04
   3.651000e+03    2.138286e+02    6.034368e-04
   3.652000e+03    2.146470e+02    5.437671e-04
   3.653000e+03    2.160827e+02    5.049306e-04
   3.654000e+03    2.176635e+02    4.633678e-04
   3.655000e+03    2.195854e+02    4.406092e-04
   3.656000e+03    2.219783e+02    4.402867e-04
   3.657000e+03    2.247152e+02    4.536845e-04
   3.658000e+03    2.283457e+02    4.590665e-04
   3.659000e+03    2.326784e+02    4.577177e-04
   3.660000e+03    2.377432e+02    4.604324e-04
   3.661000e+03    2.435248e+02    4.876396e-04
   3.662000e+03    2.499236e+02    5.422006e-04
   3.663000e+03    2.565013e+02    6.134719e-04
   3.664000e+03    2.629055e+02    6.858127e-04
   3.665000e+03    2.691654e+02    7.614485e-04
   3.666000e+03    2.747162e+02    7.900710e-04
   3.667000e+03    2.794997e+02    7.640484e-04
   3.668000e+03    2.835750e+02    7.009733e-04
   3.669000e+03    2.869148e+02    6.307766e-04
   3.670000e+03    2.895271e+02    5.909050e-04
   3.671000e+03    2.920974e+02    5.504749e-04
   3.672000e+03    2.945360e+02    5.107646e-04
   3.673000e+03    2.971313e+02    4.621476e-04
   3.674000e+03    2.997873e+02    4.416084e-04
   3.675000e+03    3.021476e+02    4.321666e-04
   3.676000e+03    3.044428e+02    4.422607e-04
   3.677000e+03    3.066449e+02    4.580714e-04
   3.678000e+03    3.081669e+02    4.844593e-04
   3.679000e+03    3.085713e+02    4.901066e-04
   3.680000e+03    3.078560e+02    4.726179e-04
   3.681000e+03    3.064741e+02    4.509972e-04
   3.682000e+03    3.046746e+02    4.336649e-04
   3.683000e+03    3.022988e+02    4.132992e-04
   3.684000e+03    2.992990e+02    3.879814e-04
   3.685000e+03    2.957009e+02    3.589159e-04
   3.686000e+03    2.917549e+02    3.349245e-04
   3.687000e+03    2.876220e+02    3.244414e-04
   3.688000e+03    2.840371e+02    3.251879e-04
   3.689000e+03    2.810557e+02    3.380925e-04
   3.690000e+03    2.779729e+02    3.692620e-04
   3.691000e+03    2.746485e+02    4.099144e-04
   3.692000e+03    2.705794e+02    4.420680e-04
   3.693000e+03    2.663576e+02    4.836006e-04
   3.694000e+03    2.621431e+02    5.212151e-04
   3.695000e+03    2.581276e+02    5.426259e-04
   3.696000e+03    2.546477e+02    5.475837e-04
   3.697000e+03    2.512055e+02    5.671581e-04
   3.698000e+03    2.478112e+02    6.089245e-04
   3.699000e+03    2.442387e+02    6.686897e-04
   3.700000e+03    2.404422e+02    7.315180e-04
   3.701000e+03    2.365908e+02    7.776202e-04
   3.702000e+03    2.325137e+02    8.051573e-04
   3.703000e+03    2.278930e+02    7.822681e-04
   3.704000e+03    2.227395e+02    7.196069e-04
   3.705000e+03    2.179557e+02    6.868210e-04
   3.706000e+03    2.136486e+02    6.902317e-04
   3.707000e+03    2.098761e+02    7.356021e-04
   3.708000e+03    2.067728e+02    8.194997e-04
   3.709000e+03    2.044868e+02    8.797249e-04
   3.710000e+03    2.024640e+02    9.468711e-04
   3.711000e+03    2.007179e+02    1.023407e-03
   3.712000e+03    1.988749e+02    1.188473e-03
   3.713000e+03    1.968062e+02    1.329077e-03
   3.714000e+03    1.944904e+02    1.418154e-03
   3.715000e+03    1.919037e+02    1.432720e-03
   3.716000e+03    1.891514e+02    1.388899e-03
   3.717000e+03    1.862315e+02    1.294564e-03
   3.718000e+03    1.836498e+02    1.250083e-03
   3.719000e+03    1.815335e+02    1.273449e-03
   3.720000e+03    1.794341e+02    1.286641e-03
   3.721000e+03    1.772598e+02    0.000000e+00
   3.722000e+03    1.752070e+02    0.000000e+00
   3.723000e+03    1.735268e+02    0.000000e+00
   3.724000e+03    1.721860e+02    0.000000e+00
   3.725000e+03    1.711783e+02    0.000000e+00
   3.726000e+03    1.705406e+02    0.000000e+00
   3.727000e+03    1.697047e+02    0.000000e+00
   3.728000e+03    1.685867e+02    0.000000e+00
   3.729000e+03    1.671192e+02    0.000000e+00
   3.730000e+03    1.652051e+02    0.000000e+00
   3.731000e+03    1.632652e+02    0.000000e+00
   3.732000e+03    1.612314e+02    0.000000e+00
   3.733000e+03    1.592266e+02    0.000000e+00
   3.734000e+03    1.573513e+02    0.000000e+00
   3.735000e+03    1.555372e+02    0.000000e+00
   3.736000e+03    1.538173e+02    0.000000e+00
   3.737000e+03    1.522301e+02    0.000000e+00
   3.738000e+03    1.509205e+02    0.000000e+00
   3.739000e+03    1.498830e+02    0.000000e+00
   3.740000e+03    1.487322e+02    0.000000e+00
   3.741000e+03    1.473112e+02    0.000000e+00
   3.742000e+03    1.460373e+02    0.000000e+00
   3.743000e+03    1.451197e+02    0.000000e+00
   3.744000e+03    1.442212e+02    0.000000e+00
   3.745000e+03    1.431452e+02    0.000000e+00
   3.746000e+03    1.419092e+02    0.000000e+00
   3.747000e+03    1.403652e+02    0.000000e+00
   3.748000e+03    1.385432e+02    0.000000e+00
   3.749000e+03    1.365806e+02    0.000000e+00
   3.750000e+03    1.345537e+02    0.000000e+00
   3.751000e+03    1.323447e+02    0.000000e+00
   3.752000e+03    1.301660e+02    0.000000e+00
   3.753000e+03    1.281601e+02    0.000000e+00
   3.754000e+03    1.261394e+02    0.000000e+00
   3.755000e+03    1.241533e+02    0.000000e+00
   3.756000e+03    1.224227e+02    0.000000e+00
   3.757000e+03    1.209087e+02    0.000000e+00
   3.758000e+03    1.196018e+02    0.000000e+00
   3.759000e+03    1.185391e+02    0.000000e+00
   3.760000e+03    1.177895e+02    0.000000e+00
   3.761000e+03    1.172751e+02    0.000000e+00
   3.762000e+03    1.167562e+02    0.000000e+00
   3.763000e+03    1.161377e+02    0.000000e+00
   3.764000e+03    1.155241e+02    0.000000e+00
   3.765000e+03    1.149221e+02    0.000000e+00
   3.766000e+03    1.143577e+02    0.000000e+00
   3.767000e+03    1.138495e+02    0.000000e+00
   3.768000e+03    1.134474e+02    0.000000e+00
   3.769000e+03    1.131298e+02    0.000000e+00
   3.770000e+03    1.129167e+02    0.000000e+00
   3.771000e+03    1.128924e+02    0.000000e+00
   3.772000e+03    1.130614e+02    0.000000e+00
   3.773000e+03    1.133893e+02    0.000000e+00
   3.774000e+03    1.138623e+02    0.000000e+00
   3.775000e+03    1.144355e+02    0.000000e+00
   3.776000e+03    1.151129e+02    0.000000e+00
   3.777000e+03    1.157785e+02    0.000000e+00
   3.778000e+03    1.163877e+02    0.000000e+00
   3.779000e+03    1.169579e+02    0.000000e+00
   3.780000e+03    1.175205e+02    0.000000e+00
   3.781000e+03    1.178398e+02    0.000000e+00
   3.782000e+03    1.177471e+02    0.000000e+00
   3.783000e+03    1.172295e+02    0.000000e+00
   3.784000e+03    1.163861e+02    0.000000e+00
   3.785000e+03    1.152479e+02    0.000000e+00
   3.786000e+03    1.143401e+02    0.000000e+00
   3.787000e+03    1.136541e+02    0.000000e+00
   3.788000e+03    1.130834e+02    0.000000e+00
   3.789000e+03    1.126501e+02    0.000000e+00
   3.790000e+03    1.124000e+02    0.000000e+00
   3.791000e+03    1.120826e+02    0.000000e+00
   3.792000e+03    1.116801e+02    0.000000e+00
   3.793000e+03    1.115810e+02    0.000000e+00
   3.794000e+03    1.117717e+02    0.000000e+00
   3.795000e+03    1.119064e+02    0.000000e+00
   3.796000e+03    1.119697e+02    0.000000e+00
   3.797000e+03    1.119457e+02    0.000000e+00
   3.798000e+03    1.118046e+02    0.000000e+00
   3.799000e+03    1.114987e+02    0.000000e+00
   3.800000e+03    1.110008e+02    0.000000e+00
   3.801000e+03    1.103253e+02    0.000000e+00
   3.802000e+03    1.094414e+02    0.000000e+00
   3.803000e+03    1.084223e+02    0.000000e+00
   3.804000e+03    1.075439e+02    0.000000e+00
   3.805000e+03    1.068402e+02    0.000000e+00
   3.806000e+03    1.063471e+02    0.000000e+00
   3.807000e+03    1.060140e+02    0.000000e+00
   3.808000e+03    1.058390e+02    0.000000e+00
   3.809000e+03    1.059840e+02    0.000000e+00
   3.810000e+03    1.063368e+02    0.000000e+00
   3.811000e+03    1.065495e+02    0.000000e+00
   3.812000e+03    1.066264e+02    0.000000e+00
   3.813000e+03    1.065713e+02    0.000000e+00
   3.814000e+03    1.063917e+02    0.000000e+00
   3.815000e+03    1.061143e+02    0.000000e+00
   3.816000e+03    1.058356e+02    0.000000e+00
   3.817000e+03    1.055336e+02    0.000000e+00
   3.818000e+03    1.051152e+02    0.000000e+00
   3.819000e+03    1.045358e+02    0.000000e+00
   3.820000e+03    1.040136e+02    0.000000e+00
   3.821000e+03    1.035287e+02    0.000000e+00
   3.822000e+03    1.031296e+02    0.000000e+00
   3.823000e+03    1.029152e+02    0.000000e+00
   3.824000e+03    1.029765e+02    0.000000e+00
   3.825000e+03    1.029938e+02    0.000000e+00
   3.826000e+03    1.029054e+02    0.000000e+00
   3.827000e+03    1.028497e+02    0.000000e+00
   3.828000e+03    1.030619e+02    0.000000e+00
   3.829000e+03    1.034944e+02    0.000000e+00
   3.830000e+03    1.041495e+02    0.000000e+00
   3.831000e+03    1.049897e+02    0.000000e+00
   3.832000e+03    1.057609e+02    0.000000e+00
   3.833000e+03    1.062536e+02    0.000000e+00
   3.834000e+03    1.065969e+02    0.000000e+00
   3.835000e+03    1.067890e+02    0.000000e+00
   3.836000e+03    1.068377e+02    0.000000e+00
   3.837000e+03    1.066401e+02    0.000000e+00
   3.838000e+03    1.061997e+02    0.000000e+00
   3.839000e+03    1.056473e+02    0.000000e+00
   3.840000e+03    1.051192e+02    3.312364e-03
   3.841000e+03    1.048048e+02    3.134599e-03
   3.842000e+03    1.047717e+02    3.113936e-03
   3.843000e+03    1.048525e+02    3.148942e-03
   3.844000e+03    1.050800e+02    3.216401e-03
   3.845000e+03    1.054506e+02    3.315413e-03
   3.846000e+03    1.059300e+02    3.468726e-03
   3.847000e+03    1.065938e+02    3.749268e-03
   3.848000e+03    1.070981e+02    4.136037e-03
   3.849000e+03    1.073206e+02    4.323138e-03
   3.850000e+03    1.075009e+02    4.528864e-03
   3.851000e+03    1.076292e+02    4.723557e-03
   3.852000e+03    1.076649e+02    4.835202e-03
   3.853000e+03    1.076804e+02    4.957728e-03
   3.854000e+03    1.076174e+02    5.012540e-03
   3.855000e+03    1.073845e+02    4.875009e-03
   3.856000e+03    1.070508e+02    4.660477e-03
   3.857000e+03    1.066046e+02    4.383515e-03
   3.858000e+03    1.060463e+02    4.075404e-03
   3.859000e+03    1.052164e+02    3.618019e-03
   3.860000e+03    1.042191e+02    3.279635e-03
   3.861000e+03    1.033450e+02    3.008553e-03
   3.862000e+03    1.026223e+02    2.845205e-03
   3.863000e+03    1.020573e+02    2.810198e-03
   3.864000e+03    1.016446e+02    2.886146e-03
   3.865000e+03    1.014582e+02    3.009348e-03
   3.866000e+03    1.015172e+02    3.121284e-03
   3.867000e+03    1.015817e+02    3.407365e-03
   3.868000e+03    1.016001e+02    3.701847e-03
   3.869000e+03    1.015305e+02    3.905825e-03
   3.870000e+03    1.013458e+02    3.953582e-03
   3.871000e+03    1.009644e+02    3.748948e-03
   3.872000e+03    1.005515e+02    3.471891e-03
   3.873000e+03    1.001869e+02    3.198639e-03
   3.874000e+03    9.989634e+01    2.948609e-03
   3.875000e+03    9.969814e+01    2.732478e-03
   3.876000e+03    9.970407e+01    2.602350e-03
   3.877000e+03    9.994400e+01    2.559941e-03
   3.878000e+03    1.005661e+02    2.678986e-03
   3.879000e+03    1.014255e+02    2.901228e-03
   3.880000e+03    1.022957e+02    3.104118e-03
   3.881000e+03    1.032095e+02    3.286910e-03
   3.882000e+03    1.041921e+02    3.457768e-03
   3.883000e+03    1.052863e+02    3.718029e-03
   3.884000e+03    1.064896e+02    4.112527e-03
   3.885000e+03    1.078533e+02    4.789740e-03
   3.886000e+03    1.092376e+02    5.777431e-03
   3.887000e+03    1.105938e+02    6.971887e-03
   3.888000e+03    1.119008e+02    8.301201e-03
   3.889000e+03    1.131208e+02    9.527083e-03
   3.890000e+03    1.141600e+02    1.003958e-02
   3.891000e+03    1.150445e+02    9.777247e-03
   3.892000e+03    1.156719e+02    8.506574e-03
   3.893000e+03    1.161798e+02    7.057840e-03
   3.894000e+03    1.166165e+02    5.731841e-03
   3.895000e+03    1.167903e+02    4.356795e-03
   3.896000e+03    1.167644e+02    3.306962e-03
   3.897000e+03    1.168933e+02    2.633620e-03
   3.898000e+03    1.174011e+02    2.265397e-03
   3.899000e+03    1.183743e+02    2.022308e-03
   3.900000e+03    1.195461e+02    1.885580e-03
   3.901000e+03    1.209239e+02    1.806388e-03
   3.902000e+03    1.228169e+02    1.667975e-03
   3.903000e+03    1.251495e+02    1.631249e-03
   3.904000e+03    1.278351e+02    1.657246e-03
   3.905000e+03    1.307042e+02    1.691012e-03
   3.906000e+03    1.337220e+02    1.714383e-03
   3.907000e+03    1.366903e+02    1.664499e-03
   3.908000e+03    1.396402e+02    1.554339e-03
   3.909000e+03    1.426023e+02    1.405741e-03
   3.910000e+03    1.458584e+02    1.286870e-03
   3.911000e+03    1.494106e+02    1.191864e-03
   3.912000e+03    1.530322e+02    1.085254e-03
   3.913000e+03    1.567537e+02    9.812365e-04
   3.914000e+03    1.606052e+02    8.961078e-04
   3.915000e+03    1.648251e+02    8.386819e-04
   3.916000e+03    1.693544e+02    8.074948e-04
   3.917000e+03    1.734258e+02    8.290172e-04
   3.918000e+03    1.770808e+02    8.970457e-04
   3.919000e+03    1.816515e+02    9.119997e-04
   3.920000e+03    1.869343e+02    8.890907e-04
   3.921000e+03    1.927448e+02    8.487885e-04
   3.922000e+03    1.990261e+02    8.582503e-04
   3.923000e+03    2.055155e+02    9.193061e-04
   3.924000e+03    2.115117e+02    9.629065e-04
   3.925000e+03    2.169623e+02    9.808399e-04
   3.926000e+03    2.218152e+02    9.674697e-04
   3.927000e+03    2.261300e+02    9.357329e-04
   3.928000e+03    2.298221e+02    8.835153e-04
   3.929000e+03    2.327137e+02    8.033720e-04
   3.930000e+03    2.348101e+02    7.094310e-04
   3.931000e+03    2.362410e+02    6.210960e-04
   3.932000e+03    2.372876e+02    5.564345e-04
   3.933000e+03    2.379172e+02    5.084494e-04
   3.934000e+03    2.383322e+02    4.824501e-04
   3.935000e+03    2.386319e+02    4.725815e-04
   3.936000e+03    2.385523e+02    4.702067e-04
   3.937000e+03    2.378251e+02    4.648755e-04
   3.938000e+03    2.365481e+02    4.773013e-04
   3.939000e+03    2.352083e+02    4.894732e-04
   3.940000e+03    2.338162e+02    5.029705e-04
   3.941000e+03    2.319835e+02    5.417025e-04
   3.942000e+03    2.297930e+02    5.936228e-04
   3.943000e+03    2.270854e+02    6.486948e-04
   3.944000e+03    2.237070e+02    6.928240e-04
   3.945000e+03    2.196472e+02    7.182299e-04
   3.946000e+03    2.151623e+02    7.395269e-04
   3.947000e+03    2.103280e+02    7.597265e-04
   3.948000e+03    2.052381e+02    7.844016e-04
   3.949000e+03    1.996976e+02    7.950521e-04
   3.950000e+03    1.937635e+02    7.948893e-04
   3.951000e+03    1.877142e+02    8.079024e-04
   3.952000e+03    1.816310e+02    8.405223e-04
   3.953000e+03    1.756708e+02    9.009247e-04
   3.954000e+03    1.697230e+02    1.008936e-03
   3.955000e+03    1.638299e+02    1.180228e-03
   3.956000e+03    1.587837e+02    1.315811e-03
   3.957000e+03    1.550937e+02    1.293837e-03
   3.958000e+03    1.516152e+02    1.363932e-03
   3.959000e+03    1.480728e+02    1.517489e-03
   3.960000e+03    1.444312e+02    1.828888e-03
   3.961000e+03    1.404051e+02    2.131903e-03
   3.962000e+03    1.360019e+02    2.293713e-03
   3.963000e+03    1.316636e+02    2.447119e-03
   3.964000e+03    1.273344e+02    2.552442e-03
   3.965000e+03    1.230519e+02    2.617205e-03
   3.966000e+03    1.187206e+02    2.580944e-03
   3.967000e+03    1.143368e+02    2.445725e-03
   3.968000e+03    1.101423e+02    2.339821e-03
   3.969000e+03    1.061789e+02    2.281610e-03
   3.970000e+03    1.025253e+02    2.306554e-03
   3.971000e+03    9.894493e+01    2.315604e-03
   3.972000e+03    9.538221e+01    2.288725e-03
   3.973000e+03    9.187520e+01    2.245619e-03
   3.974000e+03    8.849651e+01    2.222829e-03
   3.975000e+03    8.525112e+01    2.232423e-03
   3.976000e+03    8.250537e+01    2.412821e-03
   3.977000e+03    8.040603e+01    2.512582e-03
   3.978000e+03    7.860302e+01    2.732647e-03
   3.979000e+03    7.707561e+01    3.142828e-03
   3.980000e+03    7.585900e+01    3.826529e-03
   3.981000e+03    7.468354e+01    4.563906e-03
   3.982000e+03    7.341735e+01    5.106031e-03
   3.983000e+03    7.223493e+01    5.575366e-03
   3.984000e+03    7.112485e+01    5.912940e-03
   3.985000e+03    6.995766e+01    5.851476e-03
   3.986000e+03    6.875929e+01    5.579379e-03
   3.987000e+03    6.766666e+01    5.316213e-03
   3.988000e+03    6.674669e+01    5.163677e-03
   3.989000e+03    6.600607e+01    5.118710e-03
   3.990000e+03    6.557777e+01    4.997384e-03
   3.991000e+03    6.548540e+01    0.000000e+00
   3.992000e+03    6.565341e+01    0.000000e+00
   3.993000e+03    6.600028e+01    0.000000e+00
   3.994000e+03    6.651165e+01    0.000000e+00
   3.995000e+03    6.711446e+01    0.000000e+00
   3.996000e+03    6.755910e+01    0.000000e+00
   3.997000e+03    6.790174e+01    0.000000e+00
   3.998000e+03    6.828944e+01    0.000000e+00
   3.999000e+03    6.869484e+01    0.000000e+00
   4.000000e+03    6.902515e+01    0.000000e+00
   4.001000e+03    6.918261e+01    0.000000e+00
   4.002000e+03    6.914905e+01    0.000000e+00
   4.003000e+03    6.902027e+01    0.000000e+00
   4.004000e+03    6.878541e+01    0.000000e+00
   4.005000e+03    6.839286e+01    0.000000e+00
   4.006000e+03    6.785851e+01    0.000000e+00
   4.007000e+03    6.718815e+01    0.000000e+00
   4.008000e+03    6.640747e+01    0.000000e+00
   4.009000e+03    6.553567e+01    0.000000e+00
   4.010000e+03    6.460024e+01    0.000000e+00
   4.011000e+03    6.369684e+01    0.000000e+00
   4.012000e+03    6.286881e+01    0.000000e+00
   4.013000e+03    6.212160e+01    0.000000e+00
   4.014000e+03    6.146994e+01    0.000000e+00
   4.015000e+03    6.096463e+01    0.000000e+00
   4.016000e+03    6.054862e+01    0.000000e+00
   4.017000e+03    6.020957e+01    0.000000e+00
   4.018000e+03    5.997073e+01    0.000000e+00
   4.019000e+03    5.973019e+01    0.000000e+00
   4.020000e+03    5.944748e+01    0.000000e+00
   4.021000e+03    5.916813e+01    0.000000e+00
   4.022000e+03    5.887287e+01    0.000000e+00
   4.023000e+03    5.851410e+01    0.000000e+00
   4.024000e+03    5.824830e+01    0.000000e+00
   4.025000e+03    5.812904e+01    0.000000e+00
   4.026000e+03    5.803479e+01    0.000000e+00
   4.027000e+03    5.798361e+01    0.000000e+00
   4.028000e+03    5.796111e+01    0.000000e+00
   4.029000e+03    5.782359e+01    0.000000e+00
   4.030000e+03    5.756192e+01    0.000000e+00
   4.031000e+03    5.727698e+01    0.000000e+00
   4.032000e+03    5.696161e+01    0.000000e+00
   4.033000e+03    5.660826e+01    0.000000e+00
   4.034000e+03    5.622011e+01    0.000000e+00
   4.035000e+03    5.582878e+01    0.000000e+00
   4.036000e+03    5.547802e+01    0.000000e+00
   4.037000e+03    5.513001e+01    0.000000e+00
   4.038000e+03    5.474834e+01    0.000000e+00
   4.039000e+03    5.437807e+01    0.000000e+00
   4.040000e+03    5.401168e+01    0.000000e+00
   4.041000e+03    5.362527e+01    0.000000e+00
   4.042000e+03    5.318261e+01    0.000000e+00
   4.043000e+03    5.267544e+01    0.000000e+00
   4.044000e+03    5.218053e+01    0.000000e+00
   4.045000e+03    5.169373e+01    0.000000e+00
   4.046000e+03    5.121285e+01    0.000000e+00
   4.047000e+03    5.067419e+01    0.000000e+00
   4.048000e+03    5.011403e+01    0.000000e+00
   4.049000e+03    4.959955e+01    0.000000e+00
   4.050000e+03    4.915408e+01    0.000000e+00
   4.051000e+03    4.880176e+01    0.000000e+00
   4.052000e+03    4.853876e+01    0.000000e+00
   4.053000e+03    4.837410e+01    0.000000e+00
   4.054000e+03    4.826882e+01    0.000000e+00
   4.055000e+03    4.826021e+01    0.000000e+00
   4.056000e+03    4.832935e+01    0.000000e+00
   4.057000e+03    4.840312e+01    0.000000e+00
   4.058000e+03    4.845779e+01    0.000000e+00
   4.059000e+03    4.847028e+01    0.000000e+00
   4.060000e+03    4.841948e+01    0.000000e+00
   4.061000e+03    4.828115e+01    0.000000e+00
   4.062000e+03    4.802509e+01    0.000000e+00
   4.063000e+03    4.765434e+01    0.000000e+00
   4.064000e+03    4.717147e+01    0.000000e+00
   4.065000e+03    4.662251e+01    0.000000e+00
   4.066000e+03    4.601319e+01    0.000000e+00
   4.067000e+03    4.539358e+01    0.000000e+00
   4.068000e+03    4.479086e+01    0.000000e+00
   4.069000e+03    4.422314e+01    0.000000e+00
   4.070000e+03    4.363236e+01    0.000000e+00
   4.071000e+03    4.303241e+01    0.000000e+00
   4.072000e+03    4.243702e+01    0.000000e+00
   4.073000e+03    4.198000e+01    0.000000e+00
   4.074000e+03    4.169919e+01    0.000000e+00
   4.075000e+03    4.145709e+01    0.000000e+00
   4.076000e+03    4.126543e+01    0.000000e+00
   4.077000e+03    4.110741e+01    0.000000e+00
   4.078000e+03    4.098420e+01    0.000000e+00
   4.079000e+03    4.088180e+01    0.000000e+00
   4.080000e+03    4.081013e+01    0.000000e+00
   4.081000e+03    4.074893e+01    0.000000e+00
   4.082000e+03    4.069494e+01    0.000000e+00
   4.083000e+03    4.060482e+01    0.000000e+00
   4.084000e+03    4.041470e+01    0.000000e+00
   4.085000e+03    4.012714e+01    0.000000e+00
   4.086000e+03    3.987765e+01    0.000000e+00
   4.087000e+03    3.969638e+01    0.000000e+00
   4.088000e+03    3.955936e+01    0.000000e+00
   4.089000e+03    3.953040e+01    0.000000e+00
   4.090000e+03    3.960860e+01    0.000000e+00
   4.091000e+03    3.977656e+01    0.000000e+00
   4.092000e+03    3.999794e+01    0.000000e+00
   4.093000e+03    4.027885e+01    0.000000e+00
   4.094000e+03    4.058997e+01    0.000000e+00
   4.095000e+03    4.091758e+01    0.000000e+00
   4.096000e+03    4.125799e+01    0.000000e+00
   4.097000e+03    4.162012e+01    0.000000e+00
   4.098000e+03    4.198413e+01    0.000000e+00
   4.099000e+03    4.232421e+01    0.000000e+00
   4.100000e+03    4.262016e+01    4.472236e-02
   4.101000e+03    4.291680e+01    4.784937e-02
   4.102000e+03    4.318892e+01    4.954263e-02
   4.103000e+03    4.344243e+01    4.973948e-02
   4.104000e+03    4.366613e+01    4.807084e-02
   4.105000e+03    4.380992e+01    4.311507e-02
   4.106000e+03    4.388973e+01    3.677779e-02
   4.107000e+03    4.391118e+01    3.031837e-02
   4.108000e+03    4.386926e+01    2.440984e-02
   4.109000e+03    4.381885e+01    2.191139e-02
   4.110000e+03    4.388833e+01    2.020952e-02
   4.111000e+03    4.407995e+01    1.892880e-02
   4.112000e+03    4.436172e+01    1.801333e-02
   4.113000e+03    4.474048e+01    1.731537e-02
   4.114000e+03    4.520481e+01    1.688930e-02
   4.115000e+03    4.571553e+01    1.649120e-02
   4.116000e+03    4.620063e+01    1.653158e-02
   4.117000e+03    4.665721e+01    1.681686e-02
   4.118000e+03    4.722238e+01    1.616181e-02
   4.119000e+03    4.784093e+01    1.612262e-02
   4.120000e+03    4.847911e+01    1.642437e-02
   4.121000e+03    4.903444e+01    1.621952e-02
   4.122000e+03    4.949552e+01    1.546255e-02
   4.123000e+03    4.992122e+01    1.468900e-02
   4.124000e+03    5.030192e+01    1.386085e-02
   4.125000e+03    5.063429e+01    1.301747e-02
   4.126000e+03    5.093307e+01    1.229101e-02
   4.127000e+03    5.120089e+01    1.153984e-02
   4.128000e+03    5.139203e+01    1.087933e-02
   4.129000e+03    5.149328e+01    1.018264e-02
   4.130000e+03    5.151052e+01    9.485110e-03
   4.131000e+03    5.149217e+01    9.091280e-03
   4.132000e+03    5.150613e+01    8.960057e-03
   4.133000e+03    5.152660e+01    9.033871e-03
   4.134000e+03    5.154757e+01    9.287740e-03
   4.135000e+03    5.151495e+01    9.911272e-03
   4.136000e+03    5.141037e+01    1.079594e-02
   4.137000e+03    5.132807e+01    1.143321e-02
   4.138000e+03    5.123749e+01    1.179444e-02
   4.139000e+03    5.110939e+01    1.228949e-02
   4.140000e+03    5.090591e+01    1.268249e-02
   4.141000e+03    5.063608e+01    1.299838e-02
   4.142000e+03    5.028756e+01    1.314571e-02
   4.143000e+03    4.983392e+01    1.295011e-02
   4.144000e+03    4.934118e+01    1.280205e-02
   4.145000e+03    4.882941e+01    1.280664e-02
   4.146000e+03    4.833996e+01    1.319281e-02
   4.147000e+03    4.791577e+01    1.425079e-02
   4.148000e+03    4.753798e+01    1.440006e-02
   4.149000e+03    4.712678e+01    1.430021e-02
   4.150000e+03    4.669573e+01    1.404202e-02
   4.151000e+03    4.625476e+01    1.369839e-02
   4.152000e+03    4.579934e+01    1.347977e-02
   4.153000e+03    4.533827e+01    1.376410e-02
   4.154000e+03    4.493293e+01    1.444218e-02
   4.155000e+03    4.464667e+01    1.538195e-02
   4.156000e+03    4.449126e+01    1.653023e-02
   4.157000e+03    4.424980e+01    1.884398e-02
   4.158000e+03    4.390961e+01    2.060972e-02
   4.159000e+03    4.347756e+01    2.153169e-02
   4.160000e+03    4.301716e+01    2.221766e-02
   4.161000e+03    4.252486e+01    2.255213e-02
   4.162000e+03    4.204267e+01    2.306641e-02
   4.163000e+03    4.157791e+01    2.387625e-02
   4.164000e+03    4.111799e+01    2.480403e-02
   4.165000e+03    4.060970e+01    2.497924e-02
   4.166000e+03    4.007821e+01    2.472040e-02
   4.167000e+03    3.953628e+01    2.417862e-02
   4.168000e+03    3.901152e+01    2.375504e-02
   4.169000e+03    3.852614e+01    2.377440e-02
   4.170000e+03    3.807913e+01    2.347067e-02
   4.171000e+03    3.763248e+01    2.301393e-02
   4.172000e+03    3.719766e+01    2.308733e-02
   4.173000e+03    3.683118e+01    2.371736e-02
   4.174000e+03    3.659566e+01    2.404315e-02
   4.175000e+03    3.650742e+01    2.386748e-02
   4.176000e+03    3.645510e+01    2.495341e-02
   4.177000e+03    3.642657e+01    2.770528e-02
   4.178000e+03    3.640955e+01    3.069721e-02
   4.179000e+03    3.643483e+01    3.473317e-02
   4.180000e+03    3.648173e+01    3.985946e-02
   4.181000e+03    3.653450e+01    4.597216e-02
   4.182000e+03    3.656118e+01    5.182376e-02
   4.183000e+03    3.655856e+01    5.666379e-02
   4.184000e+03    3.652322e+01    5.966995e-02
   4.185000e+03    3.642650e+01    5.882238e-02
   4.186000e+03    3.625917e+01    5.402024e-02
   4.187000e+03    3.608122e+01    4.923230e-02
   4.188000e+03    3.590108e+01    4.497369e-02
   4.189000e+03    3.572773e+01    4.152091e-02
   4.190000e+03    3.557516e+01    3.916770e-02
   4.191000e+03    3.545495e+01    3.809538e-02
   4.192000e+03    3.537936e+01    3.687880e-02
   4.193000e+03    3.528942e+01    3.647554e-02
   4.194000e+03    3.517911e+01    3.580676e-02
   4.195000e+03    3.504218e+01    3.449112e-02
   4.196000e+03    3.493030e+01    3.385907e-02
   4.197000e+03    3.485239e+01    3.405261e-02
   4.198000e+03    3.479140e+01    3.462667e-02
   4.199000e+03    3.474935e+01    3.561231e-02
   4.200000e+03    3.472825e+01    3.707207e-02
