   3.600000e+03    2.109283e+02
   3.601000e+03    2.055000e+02
   3.602000e+03    2.149335e+02
   3.603000e+03    2.248000e+02
   3.604000e+03    2.210690e+02
   3.605000e+03    2.174000e+02
   3.606000e+03    2.068437e+02
   3.607000e+03    1.968000e+02
   3.608000e+03    1.897227e+02
   3.609000e+03    1.829000e+02
   3.610000e+03    1.728224e+02
   3.611000e+03    1.633000e+02
   3.612000e+03    1.619444e+02
   3.613000e+03    1.606000e+02
   3.614000e+03    1.628838e+02
   3.615000e+03    1.652000e+02
   3.616000e+03    1.721537e+02
   3.617000e+03    1.794000e+02
   3.618000e+03    1.892194e+02
   3.619000e+03    1.995763e+02
   3.620000e+03    2.105000e+02
   3.621000e+03    2.140697e+02
   3.622000e+03    2.177000e+02
   3.623000e+03    2.132036e+02
   3.624000e+03    2.088000e+02
   3.625000e+03    2.090998e+02
   3.626000e+03    2.094000e+02
   3.627000e+03    2.005636e+02
   3.628000e+03    1.921000e+02
   3.629000e+03    1.918999e+02
   3.630000e+03    1.917000e+02
   3.631000e+03    2.011663e+02
   3.632000e+03    2.111000e+02
   3.633000e+03    2.115495e+02
   3.634000e+03    2.120000e+02
   3.635000e+03    2.166001e+02
   3.636000e+03    2.213000e+02
   3.637000e+03    2.192404e+02
   3.638000e+03    2.172000e+02
   3.639000e+03    2.135188e+02
   3.640000e+03    2.099000e+02
   3.641000e+03    2.125335e+02
   3.642000e+03    2.152000e+02
   3.643000e+03    2.091654e+02
   3.644000e+03    2.033000e+02
   3.645000e+03    2.028495e+02
   3.646000e+03    2.024000e+02
   3.647000e+03    1.982066e+02
   3.648000e+03    1.941000e+02
   3.649000e+03    1.885713e+02
   3.650000e+03    1.832000e+02
   3.651000e+03    1.845237e+02
   3.652000e+03    1.858571e+02
   3.653000e+03    1.872000e+02
   3.654000e+03    1.931068e+02
   3.655000e+03    1.992000e+02
   3.656000e+03    2.144651e+02
   3.657000e+03    2.309000e+02
   3.658000e+03    2.263553e+02
   3.659000e+03    2.219000e+02
   3.660000e+03    2.164326e+02
   3.661000e+03    2.111000e+02
   3.662000e+03    2.173573e+02
   3.663000e+03    2.238000e+02
   3.664000e+03    2.273223e+02
   3.665000e+03    2.309000e+02
   3.666000e+03    2.437902e+02
   3.667000e+03    2.574000e+02
   3.668000e+03    2.754193e+02
   3.669000e+03    2.947000e+02
   3.670000e+03    2.900263e+02
   3.671000e+03    2.854267e+02
   3.672000e+03    2.809000e+02
   3.673000e+03    2.934688e+02
   3.674000e+03    3.066000e+02
   3.675000e+03    3.190954e+02
   3.676000e+03    3.321000e+02
   3.677000e+03    3.238987e+02
   3.678000e+03    3.159000e+02
   3.679000e+03    3.006835e+02
   3.680000e+03    2.862000e+02
   3.681000e+03    2.703618e+02
   3.682000e+03    2.554000e+02
   3.683000e+03    2.471156e+02
   3.684000e+03    2.391000e+02
   3.685000e+03    2.510989e+02
   3.686000e+03    2.637000e+02
   3.687000e+03    2.757417e+02
   3.688000e+03    2.883334e+02
   3.689000e+03    3.015000e+02
   3.690000e+03    2.955921e+02
   3.691000e+03    2.898000e+02
   3.692000e+03    2.684107e+02
   3.693000e+03    2.486000e+02
   3.694000e+03    2.380251e+02
   3.695000e+03    2.279000e+02
   3.696000e+03    2.221269e+02
   3.697000e+03    2.165000e+02
   3.698000e+03    2.258961e+02
   3.699000e+03    2.357000e+02
   3.700000e+03    2.278699e+02
   3.701000e+03    2.203000e+02
   3.702000e+03    2.191271e+02
   3.703000e+03    2.179604e+02
   3.704000e+03    2.168000e+02
   3.705000e+03    2.188899e+02
   3.706000e+03    2.210000e+02
   3.707000e+03    2.045368e+02
   3.708000e+03    1.893000e+02
   3.709000e+03    1.745233e+02
   3.710000e+03    1.609000e+02
   3.711000e+03    1.642648e+02
   3.712000e+03    1.677000e+02
   3.713000e+03    1.732095e+02
   3.714000e+03    1.789000e+02
   3.715000e+03    1.802235e+02
   3.716000e+03    1.815568e+02
   3.717000e+03    1.829000e+02
   3.718000e+03    1.839967e+02
   3.719000e+03    1.851000e+02
   3.720000e+03    1.743371e+02
   3.721000e+03    1.642000e+02
   3.722000e+03    1.691746e+02
   3.723000e+03    1.743000e+02
   3.724000e+03    1.688653e+02
   3.725000e+03    1.636000e+02
   3.726000e+03    1.596031e+02
   3.727000e+03    1.557039e+02
   3.728000e+03    1.519000e+02
   3.729000e+03    1.515496e+02
   3.730000e+03    1.512000e+02
   3.731000e+03    1.457000e+02
   3.732000e+03    1.404000e+02
   3.733000e+03    1.415453e+02
   3.734000e+03    1.427000e+02
   3.735000e+03    1.436965e+02
   3.736000e+03    1.447000e+02
   3.737000e+03    1.445331e+02
   3.738000e+03    1.443665e+02
   3.739000e+03    1.442000e+02
   3.740000e+03    1.469243e+02
   3.741000e+03    1.497000e+02
   3.742000e+03    1.437831e+02
   3.743000e+03    1.381000e+02
   3.744000e+03    1.360853e+02
   3.745000e+03    1.341000e+02
   3.746000e+03    1.323891e+02
   3.747000e+03    1.307000e+02
   3.748000e+03    1.274884e+02
   3.749000e+03    1.243557e+02
   3.750000e+03    1.213000e+02
   3.751000e+03    1.220974e+02
   3.752000e+03    1.229000e+02
   3.753000e+03    1.229000e+02
   3.754000e+03    1.229000e+02
   3.755000e+03    1.230499e+02
   3.756000e+03    1.232000e+02
   3.757000e+03    1.185608e+02
   3.758000e+03    1.140964e+02
   3.759000e+03    1.098000e+02
   3.760000e+03    1.087449e+02
   3.761000e+03    1.077000e+02
   3.762000e+03    1.006117e+02
   3.763000e+03    9.399000e+01
   3.764000e+03    9.291890e+01
   3.765000e+03    9.186000e+01
   3.766000e+03    9.659205e+01
   3.767000e+03    1.015679e+02
   3.768000e+03    1.068000e+02
   3.769000e+03    1.114009e+02
   3.770000e+03    1.162000e+02
   3.771000e+03    1.126456e+02
   3.772000e+03    1.092000e+02
   3.773000e+03    1.134185e+02
   3.774000e+03    1.178000e+02
   3.775000e+03    1.153146e+02
   3.776000e+03    1.128816e+02
   3.777000e+03    1.105000e+02
   3.778000e+03    1.062690e+02
   3.779000e+03    1.022000e+02
   3.780000e+03    1.017992e+02
   3.781000e+03    1.014000e+02
   3.782000e+03    1.038211e+02
   3.783000e+03    1.063000e+02
   3.784000e+03    1.092507e+02
   3.785000e+03    1.122832e+02
   3.786000e+03    1.154000e+02
   3.787000e+03    1.151497e+02
   3.788000e+03    1.149000e+02
   3.789000e+03    1.128823e+02
   3.790000e+03    1.109000e+02
   3.791000e+03    1.085158e+02
   3.792000e+03    1.061828e+02
   3.793000e+03    1.039000e+02
   3.794000e+03    1.032480e+02
   3.795000e+03    1.026000e+02
   3.796000e+03    1.005291e+02
   3.797000e+03    9.850000e+01
   3.798000e+03    9.392894e+01
   3.799000e+03    8.957000e+01
   3.800000e+03    9.353521e+01
   3.801000e+03    9.767595e+01
   3.802000e+03    1.020000e+02
   3.803000e+03    1.087281e+02
   3.804000e+03    1.159000e+02
   3.805000e+03    1.106302e+02
   3.806000e+03    1.056000e+02
   3.807000e+03    1.052991e+02
   3.808000e+03    1.049991e+02
   3.809000e+03    1.047000e+02
   3.810000e+03    1.053977e+02
   3.811000e+03    1.061000e+02
   3.812000e+03    9.997840e+01
   3.813000e+03    9.421000e+01
   3.814000e+03    9.357574e+01
   3.815000e+03    9.294575e+01
   3.816000e+03    9.232000e+01
   3.817000e+03    8.969776e+01
   3.818000e+03    8.715000e+01
   3.819000e+03    8.863731e+01
   3.820000e+03    9.015000e+01
   3.821000e+03    9.738470e+01
   3.822000e+03    1.052000e+02
   3.823000e+03    1.057636e+02
   3.824000e+03    1.063303e+02
   3.825000e+03    1.069000e+02
   3.826000e+03    1.064992e+02
   3.827000e+03    1.061000e+02
   3.828000e+03    9.644027e+01
   3.829000e+03    8.766000e+01
   3.830000e+03    8.953303e+01
   3.831000e+03    9.144608e+01
   3.832000e+03    9.340000e+01
   3.833000e+03    9.731783e+01
   3.834000e+03    1.014000e+02
   3.835000e+03    1.007479e+02
   3.836000e+03    1.001000e+02
   3.837000e+03    9.892629e+01
   3.838000e+03    9.776635e+01
   3.839000e+03    9.662000e+01
   3.840000e+03    9.750594e+01
   3.841000e+03    9.840000e+01
   3.842000e+03    1.003286e+02
   3.843000e+03    1.022950e+02
   3.844000e+03    1.043000e+02
   3.845000e+03    1.081779e+02
   3.846000e+03    1.122000e+02
   3.847000e+03    1.075538e+02
   3.848000e+03    1.031000e+02
   3.849000e+03    9.822293e+01
   3.850000e+03    9.357657e+01
   3.851000e+03    8.915000e+01
   3.852000e+03    9.042587e+01
   3.853000e+03    9.172000e+01
   3.854000e+03    9.336524e+01
   3.855000e+03    9.504000e+01
   3.856000e+03    9.865415e+01
   3.857000e+03    1.024057e+02
   3.858000e+03    1.063000e+02
   3.859000e+03    1.060998e+02
   3.860000e+03    1.059000e+02
   3.861000e+03    1.060000e+02
   3.862000e+03    1.061000e+02
   3.863000e+03    1.050564e+02
   3.864000e+03    1.040231e+02
   3.865000e+03    1.030000e+02
   3.866000e+03    9.836051e+01
   3.867000e+03    9.393000e+01
   3.868000e+03    9.084299e+01
   3.869000e+03    8.785743e+01
   3.870000e+03    8.497000e+01
   3.871000e+03    8.361418e+01
   3.872000e+03    8.228000e+01
   3.873000e+03    8.481107e+01
   3.874000e+03    8.742000e+01
   3.875000e+03    8.807508e+01
   3.876000e+03    8.873507e+01
   3.877000e+03    8.940000e+01
   3.878000e+03    9.674802e+01
   3.879000e+03    1.047000e+02
   3.880000e+03    1.034860e+02
   3.881000e+03    1.022860e+02
   3.882000e+03    1.011000e+02
   3.883000e+03    1.004881e+02
   3.884000e+03    9.988000e+01
   3.885000e+03    9.998994e+01
   3.886000e+03    1.001000e+02
   3.887000e+03    1.011555e+02
   3.888000e+03    1.022221e+02
   3.889000e+03    1.033000e+02
   3.890000e+03    1.066458e+02
   3.891000e+03    1.101000e+02
   3.892000e+03    1.115476e+02
   3.893000e+03    1.130141e+02
   3.894000e+03    1.145000e+02
   3.895000e+03    1.146998e+02
   3.896000e+03    1.149000e+02
   3.897000e+03    1.102562e+02
   3.898000e+03    1.058000e+02
   3.899000e+03    1.091902e+02
   3.900000e+03    1.126890e+02
   3.901000e+03    1.163000e+02
   3.902000e+03    1.176917e+02
   3.903000e+03    1.191000e+02
   3.904000e+03    1.182269e+02
   3.905000e+03    1.173603e+02
   3.906000e+03    1.165000e+02
   3.907000e+03    1.160491e+02
   3.908000e+03    1.156000e+02
   3.909000e+03    1.174846e+02
   3.910000e+03    1.194000e+02
   3.911000e+03    1.251821e+02
   3.912000e+03    1.312443e+02
   3.913000e+03    1.376000e+02
   3.914000e+03    1.516343e+02
   3.915000e+03    1.671000e+02
   3.916000e+03    1.720204e+02
   3.917000e+03    1.770856e+02
   3.918000e+03    1.823000e+02
   3.919000e+03    1.895556e+02
   3.920000e+03    1.971000e+02
   3.921000e+03    1.922132e+02
   3.922000e+03    1.874475e+02
   3.923000e+03    1.828000e+02
   3.924000e+03    1.828500e+02
   3.925000e+03    1.829000e+02
   3.926000e+03    1.910941e+02
   3.927000e+03    1.996553e+02
   3.928000e+03    2.086000e+02
   3.929000e+03    2.104419e+02
   3.930000e+03    2.123000e+02
   3.931000e+03    2.209741e+02
   3.932000e+03    2.300026e+02
   3.933000e+03    2.394000e+02
   3.934000e+03    2.386488e+02
   3.935000e+03    2.379000e+02
   3.936000e+03    2.603415e+02
   3.937000e+03    2.849000e+02
   3.938000e+03    2.680949e+02
   3.939000e+03    2.522810e+02
   3.940000e+03    2.374000e+02
   3.941000e+03    2.156540e+02
   3.942000e+03    1.959000e+02
   3.943000e+03    1.945237e+02
   3.944000e+03    1.931570e+02
   3.945000e+03    1.918000e+02
   3.946000e+03    1.863218e+02
   3.947000e+03    1.810000e+02
   3.948000e+03    1.830435e+02
   3.949000e+03    1.851101e+02
   3.950000e+03    1.872000e+02
   3.951000e+03    1.795434e+02
   3.952000e+03    1.722000e+02
   3.953000e+03    1.657983e+02
   3.954000e+03    1.596346e+02
   3.955000e+03    1.537000e+02
   3.956000e+03    1.592015e+02
   3.957000e+03    1.649000e+02
   3.958000e+03    1.571406e+02
   3.959000e+03    1.497463e+02
   3.960000e+03    1.427000e+02
   3.961000e+03    1.289916e+02
   3.962000e+03    1.166000e+02
   3.963000e+03    1.121669e+02
   3.964000e+03    1.079024e+02
   3.965000e+03    1.038000e+02
   3.966000e+03    1.000835e+02
   3.967000e+03    9.650000e+01
   3.968000e+03    9.543155e+01
   3.969000e+03    9.437492e+01
   3.970000e+03    9.333000e+01
   3.971000e+03    9.441371e+01
   3.972000e+03    9.551000e+01
   3.973000e+03    9.385136e+01
   3.974000e+03    9.222153e+01
   3.975000e+03    9.062000e+01
   3.976000e+03    8.107200e+01
   3.977000e+03    7.253000e+01
   3.978000e+03    7.141976e+01
   3.979000e+03    7.032651e+01
   3.980000e+03    6.925000e+01
   3.981000e+03    6.509005e+01
   3.982000e+03    6.118000e+01
   3.983000e+03    6.018042e+01
   3.984000e+03    5.919718e+01
   3.985000e+03    5.823000e+01
   3.986000e+03    5.767233e+01
   3.987000e+03    5.712000e+01
   3.988000e+03    5.768114e+01
   3.989000e+03    5.824778e+01
   3.990000e+03    5.882000e+01
   3.991000e+03    6.183760e+01
   3.992000e+03    6.501000e+01
   3.993000e+03    6.614990e+01
   3.994000e+03    6.730978e+01
   3.995000e+03    6.849000e+01
   3.996000e+03    6.782354e+01
   3.997000e+03    6.716356e+01
   3.998000e+03    6.651000e+01
   3.999000e+03    6.350198e+01
   4.000000e+03    6.063000e+01
   4.001000e+03    6.041255e+01
   4.002000e+03    6.019589e+01
   4.003000e+03    5.998000e+01
   4.004000e+03    6.469470e+01
   4.005000e+03    6.978000e+01
   4.006000e+03    7.034213e+01
   4.007000e+03    7.090878e+01
   4.008000e+03    7.148000e+01
   4.009000e+03    6.673233e+01
   4.010000e+03    6.230000e+01
   4.011000e+03    6.044888e+01
   4.012000e+03    5.865275e+01
   4.013000e+03    5.691000e+01
   4.014000e+03    5.771432e+01
   4.015000e+03    5.853000e+01
   4.016000e+03    5.564699e+01
   4.017000e+03    5.290599e+01
   4.018000e+03    5.030000e+01
   4.019000e+03    5.065745e+01
   4.020000e+03    5.101745e+01
   4.021000e+03    5.138000e+01
   4.022000e+03    5.058383e+01
   4.023000e+03    4.980000e+01
   4.024000e+03    5.074528e+01
   4.025000e+03    5.170850e+01
   4.026000e+03    5.269000e+01
   4.027000e+03    5.433919e+01
   4.028000e+03    5.604000e+01
   4.029000e+03    5.744451e+01
   4.030000e+03    5.888421e+01
   4.031000e+03    6.036000e+01
   4.032000e+03    6.059454e+01
   4.033000e+03    6.083000e+01
   4.034000e+03    5.957773e+01
   4.035000e+03    5.835124e+01
   4.036000e+03    5.715000e+01
   4.037000e+03    5.449892e+01
   4.038000e+03    5.197082e+01
   4.039000e+03    4.956000e+01
   4.040000e+03    4.715673e+01
   4.041000e+03    4.487000e+01
   4.042000e+03    4.396868e+01
   4.043000e+03    4.308547e+01
   4.044000e+03    4.222000e+01
   4.045000e+03    4.232986e+01
   4.046000e+03    4.244000e+01
   4.047000e+03    4.392416e+01
   4.048000e+03    4.546022e+01
   4.049000e+03    4.705000e+01
   4.050000e+03    4.717301e+01
   4.051000e+03    4.729634e+01
   4.052000e+03    4.742000e+01
   4.053000e+03    5.046240e+01
   4.054000e+03    5.370000e+01
   4.055000e+03    5.161691e+01
   4.056000e+03    4.961462e+01
   4.057000e+03    4.769000e+01
   4.058000e+03    4.632548e+01
   4.059000e+03    4.500000e+01
   4.060000e+03    4.444655e+01
   4.061000e+03    4.389992e+01
   4.062000e+03    4.336000e+01
   4.063000e+03    4.158862e+01
   4.064000e+03    3.988960e+01
   4.065000e+03    3.826000e+01
   4.066000e+03    4.024358e+01
   4.067000e+03    4.233000e+01
   4.068000e+03    4.279814e+01
   4.069000e+03    4.327145e+01
   4.070000e+03    4.375000e+01
   4.071000e+03    4.370662e+01
   4.072000e+03    4.366329e+01
   4.073000e+03    4.362000e+01
   4.074000e+03    4.187510e+01
   4.075000e+03    4.020000e+01
   4.076000e+03    3.890898e+01
   4.077000e+03    3.765943e+01
   4.078000e+03    3.645000e+01
   4.079000e+03    3.508442e+01
   4.080000e+03    3.377000e+01
   4.081000e+03    3.451989e+01
   4.082000e+03    3.528643e+01
   4.083000e+03    3.607000e+01
   4.084000e+03    3.632815e+01
   4.085000e+03    3.658814e+01
   4.086000e+03    3.685000e+01
   4.087000e+03    3.679496e+01
   4.088000e+03    3.674000e+01
   4.089000e+03    3.786833e+01
   4.090000e+03    3.903131e+01
   4.091000e+03    4.023000e+01
   4.092000e+03    4.037614e+01
   4.093000e+03    4.052280e+01
   4.094000e+03    4.067000e+01
   4.095000e+03    3.994351e+01
   4.096000e+03    3.923000e+01
   4.097000e+03    3.844090e+01
   4.098000e+03    3.766767e+01
   4.099000e+03    3.691000e+01
   4.100000e+03    3.668193e+01
   4.101000e+03    3.645526e+01
   4.102000e+03    3.623000e+01
   4.103000e+03    3.816816e+01
   4.104000e+03    4.021000e+01
   4.105000e+03    4.157949e+01
   4.106000e+03    4.299563e+01
   4.107000e+03    4.446000e+01
   4.108000e+03    4.391331e+01
   4.109000e+03    4.337333e+01
   4.110000e+03    4.284000e+01
   4.111000e+03    4.364248e+01
   4.112000e+03    4.446000e+01
   4.113000e+03    4.446000e+01
   4.114000e+03    4.446000e+01
   4.115000e+03    4.446000e+01
   4.116000e+03    4.357934e+01
   4.117000e+03    4.271612e+01
   4.118000e+03    4.187000e+01
   4.119000e+03    4.102650e+01
   4.120000e+03    4.020000e+01
   4.121000e+03    4.032296e+01
   4.122000e+03    4.044629e+01
   4.123000e+03    4.057000e+01
   4.124000e+03    4.285848e+01
   4.125000e+03    4.527606e+01
   4.126000e+03    4.783000e+01
   4.127000e+03    5.128520e+01
   4.128000e+03    5.499000e+01
   4.129000e+03    5.476575e+01
   4.130000e+03    5.454242e+01
   4.131000e+03    5.432000e+01
   4.132000e+03    5.352852e+01
   4.133000e+03    5.274858e+01
   4.134000e+03    5.198000e+01
   4.135000e+03    5.349784e+01
   4.136000e+03    5.506000e+01
   4.137000e+03    5.086129e+01
   4.138000e+03    4.698276e+01
   4.139000e+03    4.340000e+01
   4.140000e+03    4.263665e+01
   4.141000e+03    4.188673e+01
   4.142000e+03    4.115000e+01
   4.143000e+03    4.133252e+01
   4.144000e+03    4.151585e+01
   4.145000e+03    4.170000e+01
   4.146000e+03    4.243355e+01
   4.147000e+03    4.318000e+01
   4.148000e+03    4.457448e+01
   4.149000e+03    4.601400e+01
   4.150000e+03    4.750000e+01
   4.151000e+03    4.690252e+01
   4.152000e+03    4.631255e+01
   4.153000e+03    4.573000e+01
   4.154000e+03    4.718680e+01
   4.155000e+03    4.869000e+01
   4.156000e+03    4.638970e+01
   4.157000e+03    4.419808e+01
   4.158000e+03    4.211000e+01
   4.159000e+03    4.056752e+01
   4.160000e+03    3.908155e+01
   4.161000e+03    3.765000e+01
   4.162000e+03    3.691231e+01
   4.163000e+03    3.618907e+01
   4.164000e+03    3.548000e+01
   4.165000e+03    3.400953e+01
   4.166000e+03    3.260000e+01
   4.167000e+03    3.339385e+01
   4.168000e+03    3.420702e+01
   4.169000e+03    3.504000e+01
   4.170000e+03    3.603167e+01
   4.171000e+03    3.705141e+01
   4.172000e+03    3.810000e+01
   4.173000e+03    3.695245e+01
   4.174000e+03    3.583946e+01
   4.175000e+03    3.476000e+01
   4.176000e+03    3.551187e+01
   4.177000e+03    3.628000e+01
   4.178000e+03    3.624664e+01
   4.179000e+03    3.621330e+01
   4.180000e+03    3.618000e+01
   4.181000e+03    3.422641e+01
   4.182000e+03    3.237831e+01
   4.183000e+03    3.063000e+01
   4.184000e+03    3.075615e+01
   4.185000e+03    3.088281e+01
   4.186000e+03    3.101000e+01
   4.187000e+03    3.139264e+01
   4.188000e+03    3.178000e+01
   4.189000e+03    3.318681e+01
   4.190000e+03    3.465589e+01
   4.191000e+03    3.619000e+01
   4.192000e+03    3.588409e+01
   4.193000e+03    3.558076e+01
   4.194000e+03    3.528000e+01
   4.195000e+03    3.516630e+01
   4.196000e+03    3.505297e+01
   4.197000e+03    3.494000e+01
   4.198000e+03    3.362007e+01
   4.199000e+03    3.235000e+01
   4.200000e+03    3.095395e+01
