   3.600000e+03    9.786325e+10
   3.601000e+03    9.962658e+10
   3.602000e+03    1.004116e+11
   3.603000e+03    1.012029e+11
   3.604000e+03    1.011270e+11
   3.605000e+03    9.807566e+10
   3.606000e+03    9.516965e+10
   3.607000e+03    9.247823e+10
   3.608000e+03    9.091075e+10
   3.609000e+03    9.130562e+10
   3.610000e+03    9.197079e+10
   3.611000e+03    9.302368e+10
   3.612000e+03    9.321795e+10
   3.613000e+03    9.247176e+10
   3.614000e+03    9.203702e+10
   3.615000e+03    9.186145e+10
   3.616000e+03    9.165006e+10
   3.617000e+03    9.141573e+10
   3.618000e+03    9.118200e+10
   3.619000e+03    9.095816e+10
   3.620000e+03    9.073879e+10
   3.621000e+03    8.863476e+10
   3.622000e+03    8.602453e+10
   3.623000e+03    8.688612e+10
   3.624000e+03    8.847678e+10
   3.625000e+03    9.224953e+10
   3.626000e+03    9.645394e+10
   3.627000e+03    9.924881e+10
   3.628000e+03    1.020247e+11
   3.629000e+03    1.035943e+11
   3.630000e+03    1.049859e+11
   3.631000e+03    1.042202e+11
   3.632000e+03    1.034601e+11
   3.633000e+03    1.023125e+11
   3.634000e+03    9.943595e+10
   3.635000e+03    9.698001e+10
   3.636000e+03    9.561491e+10
   3.637000e+03    9.394964e+10
   3.638000e+03    9.161388e+10
   3.639000e+03    8.872177e+10
   3.640000e+03    8.492718e+10
   3.641000e+03    8.378197e+10
   3.642000e+03    8.593543e+10
   3.643000e+03    8.878910e+10
   3.644000e+03    9.240869e+10
   3.645000e+03    9.617582e+10
   3.646000e+03    9.983549e+10
   3.647000e+03    1.034509e+11
   3.648000e+03    1.043045e+11
   3.649000e+03    1.036906e+11
   3.650000e+03    1.034261e+11
   3.651000e+03    1.032945e+11
   3.652000e+03    1.048386e+11
   3.653000e+03    1.068702e+11
   3.654000e+03    1.086461e+11
   3.655000e+03    1.103990e+11
   3.656000e+03    1.121802e+11
   3.657000e+03    1.140892e+11
   3.658000e+03    1.160388e+11
   3.659000e+03    1.182582e+11
   3.660000e+03    1.209111e+11
   3.661000e+03    1.287030e+11
   3.662000e+03    1.355917e+11
   3.663000e+03    1.339611e+11
   3.664000e+03    1.332710e+11
   3.665000e+03    1.362638e+11
   3.666000e+03    1.393238e+11
   3.667000e+03    1.420696e+11
   3.668000e+03    1.439529e+11
   3.669000e+03    1.459371e+11
   3.670000e+03    1.480847e+11
   3.671000e+03    1.500550e+11
   3.672000e+03    1.517661e+11
   3.673000e+03    1.542548e+11
   3.674000e+03    1.575924e+11
   3.675000e+03    1.620188e+11
   3.676000e+03    1.674184e+11
   3.677000e+03    1.729980e+11
   3.678000e+03    1.817735e+11
   3.679000e+03    1.927272e+11
   3.680000e+03    2.013731e+11
   3.681000e+03    2.091699e+11
   3.682000e+03    2.232633e+11
   3.683000e+03    2.401795e+11
   3.684000e+03    2.443628e+11
   3.685000e+03    2.460004e+11
   3.686000e+03    2.476490e+11
   3.687000e+03    2.448182e+11
   3.688000e+03    2.417201e+11
   3.689000e+03    2.362182e+11
   3.690000e+03    2.301559e+11
   3.691000e+03    2.146779e+11
   3.692000e+03    2.012510e+11
   3.693000e+03    1.952642e+11
   3.694000e+03    1.905767e+11
   3.695000e+03    1.906937e+11
   3.696000e+03    1.908108e+11
   3.697000e+03    1.921683e+11
   3.698000e+03    1.966706e+11
   3.699000e+03    1.966020e+11
   3.700000e+03    1.881763e+11
   3.701000e+03    1.760004e+11
   3.702000e+03    1.593380e+11
   3.703000e+03    1.491533e+11
   3.704000e+03    1.447916e+11
   3.705000e+03    1.405575e+11
   3.706000e+03    1.399670e+11
   3.707000e+03    1.420333e+11
   3.708000e+03    1.397530e+11
   3.709000e+03    1.351271e+11
   3.710000e+03    1.284800e+11
   3.711000e+03    1.212932e+11
   3.712000e+03    1.155043e+11
   3.713000e+03    1.102831e+11
   3.714000e+03    1.052979e+11
   3.715000e+03    1.014652e+11
   3.716000e+03    9.791622e+10
   3.717000e+03    9.476629e+10
   3.718000e+03    9.173913e+10
   3.719000e+03    9.248603e+10
   3.720000e+03    9.320591e+10
   3.721000e+03    9.261727e+10
   3.722000e+03    9.203235e+10
   3.723000e+03    9.095688e+10
   3.724000e+03    8.715292e+10
   3.725000e+03    8.228380e+10
   3.726000e+03    7.355551e+10
   3.727000e+03    6.788888e+10
   3.728000e+03    6.812246e+10
   3.729000e+03    6.835684e+10
   3.730000e+03    6.882162e+10
   3.731000e+03    6.968097e+10
   3.732000e+03    7.113512e+10
   3.733000e+03    7.339772e+10
   3.734000e+03    7.594284e+10
   3.735000e+03    7.879470e+10
   3.736000e+03    7.908153e+10
   3.737000e+03    7.735505e+10
   3.738000e+03    7.566627e+10
   3.739000e+03    7.354594e+10
   3.740000e+03    7.125117e+10
   3.741000e+03    7.000856e+10
   3.742000e+03    6.915961e+10
   3.743000e+03    6.932359e+10
   3.744000e+03    6.976210e+10
   3.745000e+03    7.020339e+10
   3.746000e+03    7.410575e+10
   3.747000e+03    7.872205e+10
   3.748000e+03    7.630577e+10
   3.749000e+03    7.356325e+10
   3.750000e+03    6.908368e+10
   3.751000e+03    6.503755e+10
   3.752000e+03    6.313982e+10
   3.753000e+03    6.129746e+10
   3.754000e+03    5.966813e+10
   3.755000e+03    5.884385e+10
   3.756000e+03    5.867747e+10
   3.757000e+03    6.067205e+10
   3.758000e+03    6.235540e+10
   3.759000e+03    6.317649e+10
   3.760000e+03    6.400840e+10
   3.761000e+03    6.538821e+10
   3.762000e+03    6.765166e+10
   3.763000e+03    7.260053e+10
   3.764000e+03    8.136512e+10
   3.765000e+03    8.413267e+10
   3.766000e+03    8.079303e+10
   3.767000e+03    7.758596e+10
   3.768000e+03    7.367907e+10
   3.769000e+03    6.948577e+10
   3.770000e+03    6.749534e+10
   3.771000e+03    6.647586e+10
   3.772000e+03    6.719716e+10
   3.773000e+03    6.853478e+10
   3.774000e+03    6.989903e+10
   3.775000e+03    6.864172e+10
   3.776000e+03    6.692418e+10
   3.777000e+03    6.215959e+10
   3.778000e+03    5.743840e+10
   3.779000e+03    5.615506e+10
   3.780000e+03    5.500255e+10
   3.781000e+03    5.413371e+10
   3.782000e+03    5.717694e+10
   3.783000e+03    6.039673e+10
   3.784000e+03    6.383740e+10
   3.785000e+03    6.666175e+10
   3.786000e+03    6.614067e+10
   3.787000e+03    6.562366e+10
   3.788000e+03    6.436464e+10
   3.789000e+03    6.134997e+10
   3.790000e+03    5.802057e+10
   3.791000e+03    5.408367e+10
   3.792000e+03    5.124558e+10
   3.793000e+03    4.968992e+10
   3.794000e+03    4.818149e+10
   3.795000e+03    4.833614e+10
   3.796000e+03    5.009886e+10
   3.797000e+03    5.228839e+10
   3.798000e+03    5.485561e+10
   3.799000e+03    5.633126e+10
   3.800000e+03    5.714984e+10
   3.801000e+03    5.798031e+10
   3.802000e+03    5.952850e+10
   3.803000e+03    6.138267e+10
   3.804000e+03    5.990330e+10
   3.805000e+03    5.764970e+10
   3.806000e+03    5.507947e+10
   3.807000e+03    5.256253e+10
   3.808000e+03    5.016062e+10
   3.809000e+03    5.152270e+10
   3.810000e+03    5.316044e+10
   3.811000e+03    5.804371e+10
   3.812000e+03    6.306533e+10
   3.813000e+03    6.500048e+10
   3.814000e+03    6.699501e+10
   3.815000e+03    6.869337e+10
   3.816000e+03    6.879868e+10
   3.817000e+03    6.831032e+10
   3.818000e+03    6.603716e+10
   3.819000e+03    6.348603e+10
   3.820000e+03    6.027833e+10
   3.821000e+03    5.723270e+10
   3.822000e+03    5.515807e+10
   3.823000e+03    5.434082e+10
   3.824000e+03    5.428770e+10
   3.825000e+03    5.510119e+10
   3.826000e+03    5.592686e+10
   3.827000e+03    5.715332e+10
   3.828000e+03    5.871557e+10
   3.829000e+03    6.018450e+10
   3.830000e+03    6.160759e+10
   3.831000e+03    6.259421e+10
   3.832000e+03    6.338466e+10
   3.833000e+03    6.418509e+10
   3.834000e+03    6.509352e+10
   3.835000e+03    6.604166e+10
   3.836000e+03    6.703261e+10
   3.837000e+03    6.804357e+10
   3.838000e+03    6.906979e+10
   3.839000e+03    6.957630e+10
   3.840000e+03    7.002099e+10
   3.841000e+03    6.723544e+10
   3.842000e+03    6.463117e+10
   3.843000e+03    6.297589e+10
   3.844000e+03    6.136300e+10
   3.845000e+03    5.998085e+10
   3.846000e+03    5.954091e+10
   3.847000e+03    5.912870e+10
   3.848000e+03    5.879904e+10
   3.849000e+03    5.862337e+10
   3.850000e+03    5.880736e+10
   3.851000e+03    5.899193e+10
   3.852000e+03    5.975020e+10
   3.853000e+03    6.142349e+10
   3.854000e+03    6.344421e+10
   3.855000e+03    6.590154e+10
   3.856000e+03    6.845405e+10
   3.857000e+03    7.039983e+10
   3.858000e+03    7.182006e+10
   3.859000e+03    7.108960e+10
   3.860000e+03    6.906001e+10
   3.861000e+03    6.708837e+10
   3.862000e+03    6.807847e+10
   3.863000e+03    7.030815e+10
   3.864000e+03    7.340420e+10
   3.865000e+03    7.687653e+10
   3.866000e+03    7.686477e+10
   3.867000e+03    7.617930e+10
   3.868000e+03    7.549994e+10
   3.869000e+03    7.891451e+10
   3.870000e+03    8.278318e+10
   3.871000e+03    8.365229e+10
   3.872000e+03    8.453052e+10
   3.873000e+03    8.541796e+10
   3.874000e+03    8.537546e+10
   3.875000e+03    8.533297e+10
   3.876000e+03    8.480865e+10
   3.877000e+03    8.428756e+10
   3.878000e+03    8.365961e+10
   3.879000e+03    8.303634e+10
   3.880000e+03    8.241771e+10
   3.881000e+03    8.531190e+10
   3.882000e+03    8.830773e+10
   3.883000e+03    8.813741e+10
   3.884000e+03    8.796743e+10
   3.885000e+03    8.779777e+10
   3.886000e+03    8.491156e+10
   3.887000e+03    8.212024e+10
   3.888000e+03    8.150367e+10
   3.889000e+03    8.089173e+10
   3.890000e+03    8.028439e+10
   3.891000e+03    8.022487e+10
   3.892000e+03    8.016540e+10
   3.893000e+03    8.071129e+10
   3.894000e+03    8.126091e+10
   3.895000e+03    8.181426e+10
   3.896000e+03    8.210273e+10
   3.897000e+03    8.239221e+10
   3.898000e+03    8.151638e+10
   3.899000e+03    8.064986e+10
   3.900000e+03    7.892765e+10
   3.901000e+03    7.724222e+10
   3.902000e+03    7.559277e+10
   3.903000e+03    7.718659e+10
   3.904000e+03    7.881401e+10
   3.905000e+03    8.191188e+10
   3.906000e+03    8.513152e+10
   3.907000e+03    8.847771e+10
   3.908000e+03    8.813709e+10
   3.909000e+03    8.779777e+10
   3.910000e+03    8.776943e+10
   3.911000e+03    8.774110e+10
   3.912000e+03    8.771278e+10
   3.913000e+03    8.677282e+10
   3.914000e+03    8.584293e+10
   3.915000e+03    8.971681e+10
   3.916000e+03    9.376552e+10
   3.917000e+03    9.799693e+10
   3.918000e+03    1.060388e+11
   3.919000e+03    1.147406e+11
   3.920000e+03    1.214768e+11
   3.921000e+03    1.286084e+11
   3.922000e+03    1.361588e+11
   3.923000e+03    1.496811e+11
   3.924000e+03    1.645464e+11
   3.925000e+03    1.730006e+11
   3.926000e+03    1.818891e+11
   3.927000e+03    1.912342e+11
   3.928000e+03    2.017801e+11
   3.929000e+03    2.129075e+11
   3.930000e+03    2.156485e+11
   3.931000e+03    2.184248e+11
   3.932000e+03    2.212368e+11
   3.933000e+03    2.127887e+11
   3.934000e+03    2.046631e+11
   3.935000e+03    2.029778e+11
   3.936000e+03    2.013063e+11
   3.937000e+03    1.996486e+11
   3.938000e+03    2.038913e+11
   3.939000e+03    2.080372e+11
   3.940000e+03    2.073435e+11
   3.941000e+03    2.066838e+11
   3.942000e+03    2.064237e+11
   3.943000e+03    2.061640e+11
   3.944000e+03    2.049737e+11
   3.945000e+03    1.976513e+11
   3.946000e+03    1.913198e+11
   3.947000e+03    1.887817e+11
   3.948000e+03    1.862773e+11
   3.949000e+03    1.817915e+11
   3.950000e+03    1.706616e+11
   3.951000e+03    1.611152e+11
   3.952000e+03    1.545783e+11
   3.953000e+03    1.483065e+11
   3.954000e+03    1.405870e+11
   3.955000e+03    1.298008e+11
   3.956000e+03    1.209678e+11
   3.957000e+03    1.147086e+11
   3.958000e+03    1.087732e+11
   3.959000e+03    1.039371e+11
   3.960000e+03    1.004364e+11
   3.961000e+03    9.705355e+10
   3.962000e+03    9.585010e+10
   3.963000e+03    9.710528e+10
   3.964000e+03    9.506739e+10
   3.965000e+03    8.991271e+10
   3.966000e+03    8.503753e+10
   3.967000e+03    8.270437e+10
   3.968000e+03    8.227158e+10
   3.969000e+03    8.148477e+10
   3.970000e+03    8.046102e+10
   3.971000e+03    7.945013e+10
   3.972000e+03    7.605207e+10
   3.973000e+03    7.156596e+10
   3.974000e+03    6.990235e+10
   3.975000e+03    6.947442e+10
   3.976000e+03    6.904911e+10
   3.977000e+03    6.890269e+10
   3.978000e+03    6.885508e+10
   3.979000e+03    6.805638e+10
   3.980000e+03    6.705195e+10
   3.981000e+03    6.606234e+10
   3.982000e+03    6.240842e+10
   3.983000e+03    5.844943e+10
   3.984000e+03    5.691807e+10
   3.985000e+03    5.576119e+10
   3.986000e+03    5.462782e+10
   3.987000e+03    5.335226e+10
   3.988000e+03    5.209280e+10
   3.989000e+03    5.173783e+10
   3.990000e+03    5.142320e+10
   3.991000e+03    5.109637e+10
   3.992000e+03    4.978171e+10
   3.993000e+03    4.852409e+10
   3.994000e+03    4.772403e+10
   3.995000e+03    4.693717e+10
   3.996000e+03    4.632736e+10
   3.997000e+03    4.711462e+10
   3.998000e+03    4.763149e+10
   3.999000e+03    4.646800e+10
   4.000000e+03    4.533293e+10
   4.001000e+03    4.420855e+10
   4.002000e+03    4.304494e+10
   4.003000e+03    4.191195e+10
   4.004000e+03    4.131392e+10
   4.005000e+03    4.222715e+10
   4.006000e+03    4.277639e+10
   4.007000e+03    4.239598e+10
   4.008000e+03    4.201896e+10
   4.009000e+03    4.143707e+10
   4.010000e+03    4.047727e+10
   4.011000e+03    3.993313e+10
   4.012000e+03    4.003112e+10
   4.013000e+03    4.012936e+10
   4.014000e+03    3.964331e+10
   4.015000e+03    3.843389e+10
   4.016000e+03    3.776941e+10
   4.017000e+03    3.767694e+10
   4.018000e+03    3.758469e+10
   4.019000e+03    3.749084e+10
   4.020000e+03    3.739560e+10
   4.021000e+03    3.766630e+10
   4.022000e+03    3.822288e+10
   4.023000e+03    3.878769e+10
   4.024000e+03    3.868977e+10
   4.025000e+03    3.819109e+10
   4.026000e+03    3.769884e+10
   4.027000e+03    3.700629e+10
   4.028000e+03    3.623025e+10
   4.029000e+03    3.627044e+10
   4.030000e+03    3.663604e+10
   4.031000e+03    3.700533e+10
   4.032000e+03    3.796132e+10
   4.033000e+03    3.912287e+10
   4.034000e+03    3.821239e+10
   4.035000e+03    3.684528e+10
   4.036000e+03    3.552708e+10
   4.037000e+03    3.447197e+10
   4.038000e+03    3.348194e+10
   4.039000e+03    3.252034e+10
   4.040000e+03    3.347133e+10
   4.041000e+03    3.463123e+10
   4.042000e+03    3.544987e+10
   4.043000e+03    3.626910e+10
   4.044000e+03    3.708041e+10
   4.045000e+03    3.507208e+10
   4.046000e+03    3.324100e+10
   4.047000e+03    3.287947e+10
   4.048000e+03    3.252187e+10
   4.049000e+03    3.219769e+10
   4.050000e+03    3.213697e+10
   4.051000e+03    3.207638e+10
   4.052000e+03    3.215265e+10
   4.053000e+03    3.297703e+10
   4.054000e+03    3.360983e+10
   4.055000e+03    3.336601e+10
   4.056000e+03    3.312395e+10
   4.057000e+03    3.273744e+10
   4.058000e+03    3.192313e+10
   4.059000e+03    3.141602e+10
   4.060000e+03    3.163433e+10
   4.061000e+03    3.185416e+10
   4.062000e+03    3.202146e+10
   4.063000e+03    3.208488e+10
   4.064000e+03    3.214843e+10
   4.065000e+03    3.263098e+10
   4.066000e+03    3.377906e+10
   4.067000e+03    3.451727e+10
   4.068000e+03    3.467850e+10
   4.069000e+03    3.484048e+10
   4.070000e+03    3.485788e+10
   4.071000e+03    3.472367e+10
   4.072000e+03    3.463585e+10
   4.073000e+03    3.458964e+10
   4.074000e+03    3.454349e+10
   4.075000e+03    3.422393e+10
   4.076000e+03    3.371297e+10
   4.077000e+03    3.320965e+10
   4.078000e+03    3.267468e+10
   4.079000e+03    3.212629e+10
   4.080000e+03    3.190605e+10
   4.081000e+03    3.184251e+10
   4.082000e+03    3.177910e+10
   4.083000e+03    3.242558e+10
   4.084000e+03    3.335977e+10
   4.085000e+03    3.432087e+10
   4.086000e+03    3.395560e+10
   4.087000e+03    3.323300e+10
   4.088000e+03    3.208712e+10
   4.089000e+03    3.088871e+10
   4.090000e+03    2.973506e+10
   4.091000e+03    2.955283e+10
   4.092000e+03    2.950523e+10
   4.093000e+03    2.972047e+10
   4.094000e+03    2.996280e+10
   4.095000e+03    3.020710e+10
   4.096000e+03    2.954933e+10
   4.097000e+03    2.887686e+10
   4.098000e+03    2.825612e+10
   4.099000e+03    2.920272e+10
   4.100000e+03    3.017803e+10
   4.101000e+03    3.113706e+10
   4.102000e+03    3.212658e+10
   4.103000e+03    3.300073e+10
   4.104000e+03    3.276259e+10
   4.105000e+03    3.252616e+10
   4.106000e+03    3.251405e+10
   4.107000e+03    3.360663e+10
   4.108000e+03    3.438113e+10
   4.109000e+03    3.381999e+10
   4.110000e+03    3.326801e+10
   4.111000e+03    3.273209e+10
   4.112000e+03    3.222431e+10
   4.113000e+03    3.172441e+10
   4.114000e+03    3.135894e+10
   4.115000e+03    3.126797e+10
   4.116000e+03    3.131764e+10
   4.117000e+03    3.162461e+10
   4.118000e+03    3.193459e+10
   4.119000e+03    3.263149e+10
   4.120000e+03    3.391594e+10
   4.121000e+03    3.525096e+10
   4.122000e+03    3.663020e+10
   4.123000e+03    3.805347e+10
   4.124000e+03    3.866400e+10
   4.125000e+03    3.842954e+10
   4.126000e+03    3.819651e+10
   4.127000e+03    3.809547e+10
   4.128000e+03    3.809836e+10
   4.129000e+03    3.810124e+10
   4.130000e+03    3.861225e+10
   4.131000e+03    3.945885e+10
   4.132000e+03    3.935686e+10
   4.133000e+03    3.874481e+10
   4.134000e+03    3.814228e+10
   4.135000e+03    3.832127e+10
   4.136000e+03    3.883032e+10
   4.137000e+03    3.934613e+10
   4.138000e+03    4.014310e+10
   4.139000e+03    4.104481e+10
   4.140000e+03    4.174154e+10
   4.141000e+03    4.239203e+10
   4.142000e+03    4.305266e+10
   4.143000e+03    4.425514e+10
   4.144000e+03    4.558638e+10
   4.145000e+03    4.695768e+10
   4.146000e+03    4.528535e+10
   4.147000e+03    4.338136e+10
   4.148000e+03    4.180250e+10
   4.149000e+03    4.029497e+10
   4.150000e+03    3.884180e+10
   4.151000e+03    3.879557e+10
   4.152000e+03    3.874939e+10
   4.153000e+03    3.872903e+10
   4.154000e+03    3.915136e+10
   4.155000e+03    3.957675e+10
   4.156000e+03    3.999142e+10
   4.157000e+03    4.041045e+10
   4.158000e+03    4.068295e+10
   4.159000e+03    4.008993e+10
   4.160000e+03    3.950556e+10
   4.161000e+03    3.869249e+10
   4.162000e+03    3.699633e+10
   4.163000e+03    3.566391e+10
   4.164000e+03    3.527990e+10
   4.165000e+03    3.490003e+10
   4.166000e+03    3.434936e+10
   4.167000e+03    3.339944e+10
   4.168000e+03    3.247580e+10
   4.169000e+03    3.150908e+10
   4.170000e+03    3.044803e+10
   4.171000e+03    2.942271e+10
   4.172000e+03    2.818447e+10
   4.173000e+03    2.665458e+10
   4.174000e+03    2.584425e+10
   4.175000e+03    2.585868e+10
   4.176000e+03    2.587311e+10
   4.177000e+03    2.622648e+10
   4.178000e+03    2.693596e+10
   4.179000e+03    2.766463e+10
   4.180000e+03    2.823589e+10
   4.181000e+03    2.867363e+10
   4.182000e+03    2.853306e+10
   4.183000e+03    2.799526e+10
   4.184000e+03    2.746759e+10
   4.185000e+03    2.683800e+10
   4.186000e+03    2.616291e+10
   4.187000e+03    2.550480e+10
   4.188000e+03    2.520918e+10
   4.189000e+03    2.506464e+10
   4.190000e+03    2.492092e+10
   4.191000e+03    2.466184e+10
   4.192000e+03    2.436841e+10
   4.193000e+03    2.437183e+10
   4.194000e+03    2.445260e+10
   4.195000e+03    2.453363e+10
   4.196000e+03    2.459724e+10
   4.197000e+03    2.465783e+10
   4.198000e+03    2.471858e+10
   4.199000e+03    2.464072e+10
   4.200000e+03    2.454833e+10
