   3.600000e+03    1.799693e+11
   3.601000e+03    1.684286e+11
   3.602000e+03    1.629881e+11
   3.603000e+03    1.577233e+11
   3.604000e+03    1.540927e+11
   3.605000e+03    1.556254e+11
   3.606000e+03    1.582595e+11
   3.607000e+03    1.637125e+11
   3.608000e+03    1.659856e+11
   3.609000e+03    1.621563e+11
   3.610000e+03    1.688264e+11
   3.611000e+03    1.922785e+11
   3.612000e+03    2.038929e+11
   3.613000e+03    2.000309e+11
   3.614000e+03    1.921413e+11
   3.615000e+03    1.813059e+11
   3.616000e+03    1.728796e+11
   3.617000e+03    1.659676e+11
   3.618000e+03    1.593319e+11
   3.619000e+03    1.537578e+11
   3.620000e+03    1.487060e+11
   3.621000e+03    1.514045e+11
   3.622000e+03    1.565916e+11
   3.623000e+03    1.456881e+11
   3.624000e+03    1.326323e+11
   3.625000e+03    1.233444e+11
   3.626000e+03    1.149979e+11
   3.627000e+03    9.846235e+10
   3.628000e+03    8.431212e+10
   3.629000e+03    8.628876e+10
   3.630000e+03    8.904713e+10
   3.631000e+03    1.004619e+11
   3.632000e+03    1.133399e+11
   3.633000e+03    1.263069e+11
   3.634000e+03    1.331364e+11
   3.635000e+03    1.396562e+11
   3.636000e+03    1.443183e+11
   3.637000e+03    1.475922e+11
   3.638000e+03    1.474605e+11
   3.639000e+03    1.471318e+11
   3.640000e+03    1.464731e+11
   3.641000e+03    1.458148e+11
   3.642000e+03    1.451562e+11
   3.643000e+03    1.440123e+11
   3.644000e+03    1.423946e+11
   3.645000e+03    1.407950e+11
   3.646000e+03    1.401011e+11
   3.647000e+03    1.400133e+11
   3.648000e+03    1.432947e+11
   3.649000e+03    1.484649e+11
   3.650000e+03    1.510323e+11
   3.651000e+03    1.525726e+11
   3.652000e+03    1.607288e+11
   3.653000e+03    1.712508e+11
   3.654000e+03    1.714672e+11
   3.655000e+03    1.698268e+11
   3.656000e+03    1.682021e+11
   3.657000e+03    1.894357e+11
   3.658000e+03    2.147297e+11
   3.659000e+03    2.265482e+11
   3.660000e+03    2.359708e+11
   3.661000e+03    2.095653e+11
   3.662000e+03    1.900835e+11
   3.663000e+03    1.966374e+11
   3.664000e+03    2.016571e+11
   3.665000e+03    1.998303e+11
   3.666000e+03    1.980200e+11
   3.667000e+03    1.928949e+11
   3.668000e+03    1.804699e+11
   3.669000e+03    1.812821e+11
   3.670000e+03    2.064311e+11
   3.671000e+03    2.299228e+11
   3.672000e+03    2.485483e+11
   3.673000e+03    2.663233e+11
   3.674000e+03    2.827551e+11
   3.675000e+03    3.001174e+11
   3.676000e+03    3.184743e+11
   3.677000e+03    3.379540e+11
   3.678000e+03    3.620871e+11
   3.679000e+03    3.899650e+11
   3.680000e+03    4.330988e+11
   3.681000e+03    4.869987e+11
   3.682000e+03    4.700027e+11
   3.683000e+03    4.340908e+11
   3.684000e+03    4.322465e+11
   3.685000e+03    4.366020e+11
   3.686000e+03    4.410013e+11
   3.687000e+03    4.318473e+11
   3.688000e+03    4.219902e+11
   3.689000e+03    4.426328e+11
   3.690000e+03    4.612967e+11
   3.691000e+03    4.373068e+11
   3.692000e+03    4.102373e+11
   3.693000e+03    3.582153e+11
   3.694000e+03    3.222457e+11
   3.695000e+03    3.287304e+11
   3.696000e+03    3.353457e+11
   3.697000e+03    3.401420e+11
   3.698000e+03    3.401420e+11
   3.699000e+03    3.309013e+11
   3.700000e+03    3.059323e+11
   3.701000e+03    2.861324e+11
   3.702000e+03    2.720075e+11
   3.703000e+03    2.583924e+11
   3.704000e+03    2.452651e+11
   3.705000e+03    2.328046e+11
   3.706000e+03    2.210922e+11
   3.707000e+03    2.100498e+11
   3.708000e+03    1.954333e+11
   3.709000e+03    1.796940e+11
   3.710000e+03    1.602506e+11
   3.711000e+03    1.410705e+11
   3.712000e+03    1.350501e+11
   3.713000e+03    1.326426e+11
   3.714000e+03    1.302780e+11
   3.715000e+03    1.294994e+11
   3.716000e+03    1.289735e+11
   3.717000e+03    1.241236e+11
   3.718000e+03    1.191272e+11
   3.719000e+03    1.166631e+11
   3.720000e+03    1.143277e+11
   3.721000e+03    1.129670e+11
   3.722000e+03    1.116225e+11
   3.723000e+03    1.109687e+11
   3.724000e+03    1.142304e+11
   3.725000e+03    1.174152e+11
   3.726000e+03    1.200341e+11
   3.727000e+03    1.210160e+11
   3.728000e+03    1.176462e+11
   3.729000e+03    1.143702e+11
   3.730000e+03    1.120649e+11
   3.731000e+03    1.112742e+11
   3.732000e+03    1.097007e+11
   3.733000e+03    1.071529e+11
   3.734000e+03    1.082404e+11
   3.735000e+03    1.130748e+11
   3.736000e+03    1.175917e+11
   3.737000e+03    1.218617e+11
   3.738000e+03    1.262867e+11
   3.739000e+03    1.294314e+11
   3.740000e+03    1.318984e+11
   3.741000e+03    1.410244e+11
   3.742000e+03    1.535757e+11
   3.743000e+03    1.568003e+11
   3.744000e+03    1.573268e+11
   3.745000e+03    1.578551e+11
   3.746000e+03    1.514818e+11
   3.747000e+03    1.445099e+11
   3.748000e+03    1.278505e+11
   3.749000e+03    1.126943e+11
   3.750000e+03    1.044271e+11
   3.751000e+03    9.711292e+10
   3.752000e+03    9.441377e+10
   3.753000e+03    9.178963e+10
   3.754000e+03    8.944816e+10
   3.755000e+03    8.816970e+10
   3.756000e+03    8.777461e+10
   3.757000e+03    9.026024e+10
   3.758000e+03    9.315533e+10
   3.759000e+03    9.697322e+10
   3.760000e+03    1.009476e+11
   3.761000e+03    1.072165e+11
   3.762000e+03    1.174529e+11
   3.763000e+03    1.241063e+11
   3.764000e+03    1.256425e+11
   3.765000e+03    1.301067e+11
   3.766000e+03    1.375566e+11
   3.767000e+03    1.454332e+11
   3.768000e+03    1.423634e+11
   3.769000e+03    1.328535e+11
   3.770000e+03    1.259248e+11
   3.771000e+03    1.202320e+11
   3.772000e+03    1.193830e+11
   3.773000e+03    1.201428e+11
   3.774000e+03    1.209076e+11
   3.775000e+03    1.132140e+11
   3.776000e+03    1.045687e+11
   3.777000e+03    1.092481e+11
   3.778000e+03    1.156356e+11
   3.779000e+03    1.121899e+11
   3.780000e+03    1.085350e+11
   3.781000e+03    1.048775e+11
   3.782000e+03    9.963553e+10
   3.783000e+03    9.566372e+10
   3.784000e+03    9.874662e+10
   3.785000e+03    1.027676e+11
   3.786000e+03    1.107178e+11
   3.787000e+03    1.192831e+11
   3.788000e+03    1.231663e+11
   3.789000e+03    1.144529e+11
   3.790000e+03    1.081079e+11
   3.791000e+03    1.052458e+11
   3.792000e+03    1.041326e+11
   3.793000e+03    1.054118e+11
   3.794000e+03    1.067067e+11
   3.795000e+03    1.080349e+11
   3.796000e+03    1.093964e+11
   3.797000e+03    1.102575e+11
   3.798000e+03    1.107406e+11
   3.799000e+03    1.101021e+11
   3.800000e+03    1.088392e+11
   3.801000e+03    1.075908e+11
   3.802000e+03    1.041592e+11
   3.803000e+03    1.000773e+11
   3.804000e+03    1.035525e+11
   3.805000e+03    1.091791e+11
   3.806000e+03    1.117379e+11
   3.807000e+03    1.138120e+11
   3.808000e+03    1.159247e+11
   3.809000e+03    1.190841e+11
   3.810000e+03    1.223336e+11
   3.811000e+03    1.236877e+11
   3.812000e+03    1.248053e+11
   3.813000e+03    1.232373e+11
   3.814000e+03    1.216889e+11
   3.815000e+03    1.197831e+11
   3.816000e+03    1.162413e+11
   3.817000e+03    1.124209e+11
   3.818000e+03    1.075900e+11
   3.819000e+03    1.003949e+11
   3.820000e+03    8.851765e+10
   3.821000e+03    7.804555e+10
   3.822000e+03    7.319643e+10
   3.823000e+03    7.519018e+10
   3.824000e+03    7.911396e+10
   3.825000e+03    8.554347e+10
   3.826000e+03    9.249551e+10
   3.827000e+03    9.922900e+10
   3.828000e+03    1.058069e+11
   3.829000e+03    1.057088e+11
   3.830000e+03    1.016091e+11
   3.831000e+03    1.009582e+11
   3.832000e+03    1.018050e+11
   3.833000e+03    1.026589e+11
   3.834000e+03    1.073934e+11
   3.835000e+03    1.134671e+11
   3.836000e+03    1.182056e+11
   3.837000e+03    1.228386e+11
   3.838000e+03    1.276532e+11
   3.839000e+03    1.269129e+11
   3.840000e+03    1.256747e+11
   3.841000e+03    1.082344e+11
   3.842000e+03    9.450193e+10
   3.843000e+03    9.785002e+10
   3.844000e+03    1.013167e+11
   3.845000e+03    1.066779e+11
   3.846000e+03    1.218775e+11
   3.847000e+03    1.383783e+11
   3.848000e+03    1.539430e+11
   3.849000e+03    1.666248e+11
   3.850000e+03    1.690597e+11
   3.851000e+03    1.715302e+11
   3.852000e+03    1.701164e+11
   3.853000e+03    1.628955e+11
   3.854000e+03    1.540989e+11
   3.855000e+03    1.436932e+11
   3.856000e+03    1.339902e+11
   3.857000e+03    1.343810e+11
   3.858000e+03    1.429382e+11
   3.859000e+03    1.477942e+11
   3.860000e+03    1.501520e+11
   3.861000e+03    1.525473e+11
   3.862000e+03    1.491767e+11
   3.863000e+03    1.436539e+11
   3.864000e+03    1.449716e+11
   3.865000e+03    1.482868e+11
   3.866000e+03    1.532803e+11
   3.867000e+03    1.587585e+11
   3.868000e+03    1.644324e+11
   3.869000e+03    1.714393e+11
   3.870000e+03    1.788253e+11
   3.871000e+03    1.771379e+11
   3.872000e+03    1.754664e+11
   3.873000e+03    1.738107e+11
   3.874000e+03    1.755865e+11
   3.875000e+03    1.773804e+11
   3.876000e+03    1.655546e+11
   3.877000e+03    1.545173e+11
   3.878000e+03    1.514833e+11
   3.879000e+03    1.485090e+11
   3.880000e+03    1.455930e+11
   3.881000e+03    1.450395e+11
   3.882000e+03    1.444881e+11
   3.883000e+03    1.539918e+11
   3.884000e+03    1.641206e+11
   3.885000e+03    1.749156e+11
   3.886000e+03    1.722175e+11
   3.887000e+03    1.695610e+11
   3.888000e+03    1.685636e+11
   3.889000e+03    1.675720e+11
   3.890000e+03    1.665863e+11
   3.891000e+03    1.658623e+11
   3.892000e+03    1.651414e+11
   3.893000e+03    1.587800e+11
   3.894000e+03    1.526637e+11
   3.895000e+03    1.467829e+11
   3.896000e+03    1.503102e+11
   3.897000e+03    1.539223e+11
   3.898000e+03    1.609847e+11
   3.899000e+03    1.683711e+11
   3.900000e+03    1.860541e+11
   3.901000e+03    2.055941e+11
   3.902000e+03    2.271863e+11
   3.903000e+03    2.454876e+11
   3.904000e+03    2.652632e+11
   3.905000e+03    2.418711e+11
   3.906000e+03    2.205418e+11
   3.907000e+03    2.010934e+11
   3.908000e+03    1.997289e+11
   3.909000e+03    1.983737e+11
   3.910000e+03    2.231432e+11
   3.911000e+03    2.510055e+11
   3.912000e+03    2.823467e+11
   3.913000e+03    3.294187e+11
   3.914000e+03    3.843383e+11
   3.915000e+03    3.802146e+11
   3.916000e+03    3.761351e+11
   3.917000e+03    3.720994e+11
   3.918000e+03    3.849658e+11
   3.919000e+03    3.982772e+11
   3.920000e+03    4.019267e+11
   3.921000e+03    4.056096e+11
   3.922000e+03    4.093263e+11
   3.923000e+03    4.358356e+11
   3.924000e+03    4.640618e+11
   3.925000e+03    5.079205e+11
   3.926000e+03    5.559242e+11
   3.927000e+03    6.084649e+11
   3.928000e+03    6.029150e+11
   3.929000e+03    5.974158e+11
   3.930000e+03    6.315757e+11
   3.931000e+03    6.676888e+11
   3.932000e+03    7.058669e+11
   3.933000e+03    6.948594e+11
   3.934000e+03    6.840237e+11
   3.935000e+03    6.409062e+11
   3.936000e+03    6.005066e+11
   3.937000e+03    5.626537e+11
   3.938000e+03    5.628701e+11
   3.939000e+03    5.630017e+11
   3.940000e+03    5.609202e+11
   3.941000e+03    5.595296e+11
   3.942000e+03    5.667761e+11
   3.943000e+03    5.741165e+11
   3.944000e+03    5.805425e+11
   3.945000e+03    5.801960e+11
   3.946000e+03    5.689417e+11
   3.947000e+03    5.070994e+11
   3.948000e+03    4.519792e+11
   3.949000e+03    4.099762e+11
   3.950000e+03    3.955574e+11
   3.951000e+03    3.815429e+11
   3.952000e+03    3.677400e+11
   3.953000e+03    3.544365e+11
   3.954000e+03    3.433740e+11
   3.955000e+03    3.364234e+11
   3.956000e+03    3.286138e+11
   3.957000e+03    3.191820e+11
   3.958000e+03    3.100208e+11
   3.959000e+03    3.031056e+11
   3.960000e+03    2.992097e+11
   3.961000e+03    2.953638e+11
   3.962000e+03    2.920855e+11
   3.963000e+03    2.894440e+11
   3.964000e+03    2.804429e+11
   3.965000e+03    2.656189e+11
   3.966000e+03    2.515785e+11
   3.967000e+03    2.263799e+11
   3.968000e+03    1.954414e+11
   3.969000e+03    1.889785e+11
   3.970000e+03    1.977103e+11
   3.971000e+03    2.068457e+11
   3.972000e+03    2.065774e+11
   3.973000e+03    2.011035e+11
   3.974000e+03    1.905342e+11
   3.975000e+03    1.782512e+11
   3.976000e+03    1.667601e+11
   3.977000e+03    1.710408e+11
   3.978000e+03    1.812754e+11
   3.979000e+03    1.811411e+11
   3.980000e+03    1.779263e+11
   3.981000e+03    1.747685e+11
   3.982000e+03    1.740560e+11
   3.983000e+03    1.738396e+11
   3.984000e+03    1.701166e+11
   3.985000e+03    1.659502e+11
   3.986000e+03    1.618859e+11
   3.987000e+03    1.504030e+11
   3.988000e+03    1.391564e+11
   3.989000e+03    1.327178e+11
   3.990000e+03    1.267434e+11
   3.991000e+03    1.211210e+11
   3.992000e+03    1.215532e+11
   3.993000e+03    1.218951e+11
   3.994000e+03    1.205243e+11
   3.995000e+03    1.191690e+11
   3.996000e+03    1.176892e+11
   3.997000e+03    1.150696e+11
   3.998000e+03    1.127918e+11
   3.999000e+03    1.122412e+11
   4.000000e+03    1.116933e+11
   4.001000e+03    1.114424e+11
   4.002000e+03    1.123886e+11
   4.003000e+03    1.133429e+11
   4.004000e+03    1.133890e+11
   4.005000e+03    1.107777e+11
   4.006000e+03    1.083683e+11
   4.007000e+03    1.063513e+11
   4.008000e+03    1.043718e+11
   4.009000e+03    1.041342e+11
   4.010000e+03    1.071957e+11
   4.011000e+03    1.089646e+11
   4.012000e+03    1.085306e+11
   4.013000e+03    1.080984e+11
   4.014000e+03    1.094809e+11
   4.015000e+03    1.132846e+11
   4.016000e+03    1.168961e+11
   4.017000e+03    1.202534e+11
   4.018000e+03    1.237072e+11
   4.019000e+03    1.218616e+11
   4.020000e+03    1.155159e+11
   4.021000e+03    1.122250e+11
   4.022000e+03    1.110947e+11
   4.023000e+03    1.099758e+11
   4.024000e+03    1.142323e+11
   4.025000e+03    1.221709e+11
   4.026000e+03    1.306612e+11
   4.027000e+03    1.300361e+11
   4.028000e+03    1.250531e+11
   4.029000e+03    1.146764e+11
   4.030000e+03    1.031794e+11
   4.031000e+03    9.283506e+10
   4.032000e+03    8.863711e+10
   4.033000e+03    8.614680e+10
   4.034000e+03    8.706267e+10
   4.035000e+03    8.881727e+10
   4.036000e+03    9.060723e+10
   4.037000e+03    9.215329e+10
   4.038000e+03    9.368012e+10
   4.039000e+03    9.523225e+10
   4.040000e+03    9.003968e+10
   4.041000e+03    8.457378e+10
   4.042000e+03    8.410365e+10
   4.043000e+03    8.386696e+10
   4.044000e+03    8.359436e+10
   4.045000e+03    7.949458e+10
   4.046000e+03    7.592993e+10
   4.047000e+03    7.945612e+10
   4.048000e+03    8.314606e+10
   4.049000e+03    8.647207e+10
   4.050000e+03    8.514401e+10
   4.051000e+03    8.383634e+10
   4.052000e+03    8.267760e+10
   4.053000e+03    8.222219e+10
   4.054000e+03    8.161663e+10
   4.055000e+03    8.038714e+10
   4.056000e+03    7.917616e+10
   4.057000e+03    7.725893e+10
   4.058000e+03    7.329375e+10
   4.059000e+03    7.047118e+10
   4.060000e+03    7.006841e+10
   4.061000e+03    6.966794e+10
   4.062000e+03    6.999782e+10
   4.063000e+03    7.176471e+10
   4.064000e+03    7.357621e+10
   4.065000e+03    7.657407e+10
   4.066000e+03    8.153696e+10
   4.067000e+03    8.581636e+10
   4.068000e+03    8.895459e+10
   4.069000e+03    9.220758e+10
   4.070000e+03    9.327624e+10
   4.071000e+03    9.197756e+10
   4.072000e+03    9.078273e+10
   4.073000e+03    8.967998e+10
   4.074000e+03    8.859062e+10
   4.075000e+03    9.044187e+10
   4.076000e+03    9.455219e+10
   4.077000e+03    9.884931e+10
   4.078000e+03    9.962855e+10
   4.079000e+03    9.833236e+10
   4.080000e+03    9.537587e+10
   4.081000e+03    9.172736e+10
   4.082000e+03    8.821842e+10
   4.083000e+03    8.667392e+10
   4.084000e+03    8.583783e+10
   4.085000e+03    8.500980e+10
   4.086000e+03    7.951242e+10
   4.087000e+03    7.320450e+10
   4.088000e+03    7.394245e+10
   4.089000e+03    7.622008e+10
   4.090000e+03    7.856787e+10
   4.091000e+03    8.762271e+10
   4.092000e+03    9.882067e+10
   4.093000e+03    9.931028e+10
   4.094000e+03    9.870394e+10
   4.095000e+03    9.810130e+10
   4.096000e+03    9.439484e+10
   4.097000e+03    9.073040e+10
   4.098000e+03    8.725219e+10
   4.099000e+03    8.572022e+10
   4.100000e+03    8.466454e+10
   4.101000e+03    9.090556e+10
   4.102000e+03    9.760664e+10
   4.103000e+03    1.041699e+11
   4.104000e+03    1.061296e+11
   4.105000e+03    1.081263e+11
   4.106000e+03    1.092965e+11
   4.107000e+03    1.063274e+11
   4.108000e+03    1.029210e+11
   4.109000e+03    9.773053e+10
   4.110000e+03    9.280181e+10
   4.111000e+03    8.945559e+10
   4.112000e+03    8.994436e+10
   4.113000e+03    9.043581e+10
   4.114000e+03    9.263896e+10
   4.115000e+03    9.876261e+10
   4.116000e+03    1.033900e+11
   4.117000e+03    1.047072e+11
   4.118000e+03    1.060413e+11
   4.119000e+03    1.079258e+11
   4.120000e+03    1.106294e+11
   4.121000e+03    1.134007e+11
   4.122000e+03    1.138262e+11
   4.123000e+03    1.115309e+11
   4.124000e+03    1.104349e+11
   4.125000e+03    1.104926e+11
   4.126000e+03    1.105503e+11
   4.127000e+03    1.153584e+11
   4.128000e+03    1.244592e+11
   4.129000e+03    1.342781e+11
   4.130000e+03    1.366981e+11
   4.131000e+03    1.341501e+11
   4.132000e+03    1.325113e+11
   4.133000e+03    1.313535e+11
   4.134000e+03    1.302059e+11
   4.135000e+03    1.333039e+11
   4.136000e+03    1.383316e+11
   4.137000e+03    1.435489e+11
   4.138000e+03    1.477123e+11
   4.139000e+03    1.515932e+11
   4.140000e+03    1.556349e+11
   4.141000e+03    1.597999e+11
   4.142000e+03    1.640762e+11
   4.143000e+03    1.628197e+11
   4.144000e+03    1.606226e+11
   4.145000e+03    1.584552e+11
   4.146000e+03    1.570727e+11
   4.147000e+03    1.557784e+11
   4.148000e+03    1.555707e+11
   4.149000e+03    1.554264e+11
   4.150000e+03    1.552822e+11
   4.151000e+03    1.531764e+11
   4.152000e+03    1.510992e+11
   4.153000e+03    1.489968e+11
   4.154000e+03    1.460275e+11
   4.155000e+03    1.429630e+11
   4.156000e+03    1.384822e+11
   4.157000e+03    1.341419e+11
   4.158000e+03    1.307340e+11
   4.159000e+03    1.319940e+11
   4.160000e+03    1.332660e+11
   4.161000e+03    1.331695e+11
   4.162000e+03    1.277837e+11
   4.163000e+03    1.237863e+11
   4.164000e+03    1.235840e+11
   4.165000e+03    1.233820e+11
   4.166000e+03    1.209764e+11
   4.167000e+03    1.136066e+11
   4.168000e+03    1.066859e+11
   4.169000e+03    1.021615e+11
   4.170000e+03    1.014367e+11
   4.171000e+03    1.007171e+11
   4.172000e+03    1.008304e+11
   4.173000e+03    1.021712e+11
   4.174000e+03    1.012556e+11
   4.175000e+03    9.757789e+10
   4.176000e+03    9.403376e+10
   4.177000e+03    9.176321e+10
   4.178000e+03    9.068934e+10
   4.179000e+03    8.962804e+10
   4.180000e+03    8.903774e+10
   4.181000e+03    8.882131e+10
   4.182000e+03    8.715202e+10
   4.183000e+03    8.453635e+10
   4.184000e+03    8.199918e+10
   4.185000e+03    8.303825e+10
   4.186000e+03    8.610598e+10
   4.187000e+03    8.928704e+10
   4.188000e+03    8.780191e+10
   4.189000e+03    8.440479e+10
   4.190000e+03    8.113910e+10
   4.191000e+03    8.305322e+10
   4.192000e+03    8.675477e+10
   4.193000e+03    8.875521e+10
   4.194000e+03    9.030881e+10
   4.195000e+03    9.188960e+10
   4.196000e+03    9.091339e+10
   4.197000e+03    8.949644e+10
   4.198000e+03    8.810158e+10
   4.199000e+03    8.788947e+10
   4.200000e+03    8.780287e+10
