   3.600000e+03    1.234948e+11
   3.601000e+03    1.212647e+11
   3.602000e+03    1.251694e+11
   3.603000e+03    1.291998e+11
   3.604000e+03    1.322020e+11
   3.605000e+03    1.312345e+11
   3.606000e+03    1.279320e+11
   3.607000e+03    1.192226e+11
   3.608000e+03    1.183999e+11
   3.609000e+03    1.322470e+11
   3.610000e+03    1.369768e+11
   3.611000e+03    1.275525e+11
   3.612000e+03    1.194336e+11
   3.613000e+03    1.125050e+11
   3.614000e+03    1.123272e+11
   3.615000e+03    1.177884e+11
   3.616000e+03    1.227464e+11
   3.617000e+03    1.273959e+11
   3.618000e+03    1.322215e+11
   3.619000e+03    1.314416e+11
   3.620000e+03    1.282991e+11
   3.621000e+03    1.129759e+11
   3.622000e+03    9.640082e+10
   3.623000e+03    9.426803e+10
   3.624000e+03    9.479586e+10
   3.625000e+03    9.924441e+10
   3.626000e+03    1.044011e+11
   3.627000e+03    1.114986e+11
   3.628000e+03    1.190451e+11
   3.629000e+03    1.216534e+11
   3.630000e+03    1.242910e+11
   3.631000e+03    1.266800e+11
   3.632000e+03    1.291148e+11
   3.633000e+03    1.303428e+11
   3.634000e+03    1.259994e+11
   3.635000e+03    1.201284e+11
   3.636000e+03    1.097462e+11
   3.637000e+03    1.036309e+11
   3.638000e+03    1.053820e+11
   3.639000e+03    1.089564e+11
   3.640000e+03    1.158486e+11
   3.641000e+03    1.235084e+11
   3.642000e+03    1.321331e+11
   3.643000e+03    1.374196e+11
   3.644000e+03    1.389338e+11
   3.645000e+03    1.404647e+11
   3.646000e+03    1.422543e+11
   3.647000e+03    1.442332e+11
   3.648000e+03    1.427689e+11
   3.649000e+03    1.395784e+11
   3.650000e+03    1.348731e+11
   3.651000e+03    1.297451e+11
   3.652000e+03    1.307290e+11
   3.653000e+03    1.333796e+11
   3.654000e+03    1.329003e+11
   3.655000e+03    1.318753e+11
   3.656000e+03    1.308581e+11
   3.657000e+03    1.319214e+11
   3.658000e+03    1.331668e+11
   3.659000e+03    1.396931e+11
   3.660000e+03    1.466436e+11
   3.661000e+03    1.553095e+11
   3.662000e+03    1.630093e+11
   3.663000e+03    1.617329e+11
   3.664000e+03    1.612936e+11
   3.665000e+03    1.641526e+11
   3.666000e+03    1.670623e+11
   3.667000e+03    1.698853e+11
   3.668000e+03    1.724248e+11
   3.669000e+03    1.778081e+11
   3.670000e+03    1.885789e+11
   3.671000e+03    2.031471e+11
   3.672000e+03    2.234991e+11
   3.673000e+03    2.398634e+11
   3.674000e+03    2.508458e+11
   3.675000e+03    2.658698e+11
   3.676000e+03    2.848601e+11
   3.677000e+03    3.052068e+11
   3.678000e+03    3.212567e+11
   3.679000e+03    3.349209e+11
   3.680000e+03    3.383881e+11
   3.681000e+03    3.375984e+11
   3.682000e+03    3.541185e+11
   3.683000e+03    3.768403e+11
   3.684000e+03    3.766881e+11
   3.685000e+03    3.720874e+11
   3.686000e+03    3.675429e+11
   3.687000e+03    3.743325e+11
   3.688000e+03    3.820435e+11
   3.689000e+03    3.610928e+11
   3.690000e+03    3.418559e+11
   3.691000e+03    3.315909e+11
   3.692000e+03    3.205409e+11
   3.693000e+03    3.027331e+11
   3.694000e+03    2.892008e+11
   3.695000e+03    2.899310e+11
   3.696000e+03    2.906631e+11
   3.697000e+03    2.923453e+11
   3.698000e+03    2.964175e+11
   3.699000e+03    2.906663e+11
   3.700000e+03    2.679487e+11
   3.701000e+03    2.404767e+11
   3.702000e+03    2.078191e+11
   3.703000e+03    1.937667e+11
   3.704000e+03    1.962393e+11
   3.705000e+03    1.987433e+11
   3.706000e+03    2.010701e+11
   3.707000e+03    2.032675e+11
   3.708000e+03    1.925483e+11
   3.709000e+03    1.757938e+11
   3.710000e+03    1.649175e+11
   3.711000e+03    1.565078e+11
   3.712000e+03    1.566272e+11
   3.713000e+03    1.593108e+11
   3.714000e+03    1.620405e+11
   3.715000e+03    1.519403e+11
   3.716000e+03    1.406218e+11
   3.717000e+03    1.260324e+11
   3.718000e+03    1.126650e+11
   3.719000e+03    1.056865e+11
   3.720000e+03    9.961496e+10
   3.721000e+03    1.012870e+11
   3.722000e+03    1.029871e+11
   3.723000e+03    1.048088e+11
   3.724000e+03    1.072056e+11
   3.725000e+03    1.093349e+11
   3.726000e+03    1.102985e+11
   3.727000e+03    1.121195e+11
   3.728000e+03    1.162585e+11
   3.729000e+03    1.205504e+11
   3.730000e+03    1.236822e+11
   3.731000e+03    1.246473e+11
   3.732000e+03    1.221604e+11
   3.733000e+03    1.154784e+11
   3.734000e+03    1.102021e+11
   3.735000e+03    1.061690e+11
   3.736000e+03    1.053002e+11
   3.737000e+03    1.068134e+11
   3.738000e+03    1.083485e+11
   3.739000e+03    1.071710e+11
   3.740000e+03    1.046368e+11
   3.741000e+03    1.029218e+11
   3.742000e+03    1.015220e+11
   3.743000e+03    1.027617e+11
   3.744000e+03    1.047452e+11
   3.745000e+03    1.067671e+11
   3.746000e+03    1.060711e+11
   3.747000e+03    1.050219e+11
   3.748000e+03    1.030359e+11
   3.749000e+03    1.010250e+11
   3.750000e+03    9.808867e+10
   3.751000e+03    9.551168e+10
   3.752000e+03    9.638264e+10
   3.753000e+03    9.726155e+10
   3.754000e+03    9.735541e+10
   3.755000e+03    9.367043e+10
   3.756000e+03    9.193950e+10
   3.757000e+03    9.632398e+10
   3.758000e+03    1.004475e+11
   3.759000e+03    1.036013e+11
   3.760000e+03    1.068541e+11
   3.761000e+03    1.076574e+11
   3.762000e+03    1.046223e+11
   3.763000e+03    1.038440e+11
   3.764000e+03    1.056873e+11
   3.765000e+03    1.041717e+11
   3.766000e+03    9.970091e+10
   3.767000e+03    9.542195e+10
   3.768000e+03    9.306723e+10
   3.769000e+03    9.184055e+10
   3.770000e+03    9.201711e+10
   3.771000e+03    9.285276e+10
   3.772000e+03    9.308912e+10
   3.773000e+03    9.311838e+10
   3.774000e+03    9.314766e+10
   3.775000e+03    9.529673e+10
   3.776000e+03    9.791271e+10
   3.777000e+03    1.007865e+11
   3.778000e+03    1.037650e+11
   3.779000e+03    1.034062e+11
   3.780000e+03    1.029380e+11
   3.781000e+03    1.023731e+11
   3.782000e+03    1.003821e+11
   3.783000e+03    9.802522e+10
   3.784000e+03    9.306727e+10
   3.785000e+03    8.918070e+10
   3.786000e+03    8.885790e+10
   3.787000e+03    8.853627e+10
   3.788000e+03    9.077412e+10
   3.789000e+03    9.991074e+10
   3.790000e+03    1.058436e+11
   3.791000e+03    1.044807e+11
   3.792000e+03    9.981816e+10
   3.793000e+03    9.106673e+10
   3.794000e+03    8.308257e+10
   3.795000e+03    7.935814e+10
   3.796000e+03    7.920890e+10
   3.797000e+03    7.815755e+10
   3.798000e+03    7.646713e+10
   3.799000e+03    7.552014e+10
   3.800000e+03    7.498340e+10
   3.801000e+03    7.445048e+10
   3.802000e+03    7.634195e+10
   3.803000e+03    7.920071e+10
   3.804000e+03    8.186484e+10
   3.805000e+03    8.453975e+10
   3.806000e+03    8.408222e+10
   3.807000e+03    8.312430e+10
   3.808000e+03    8.217729e+10
   3.809000e+03    8.124121e+10
   3.810000e+03    8.042150e+10
   3.811000e+03    8.457503e+10
   3.812000e+03    8.857017e+10
   3.813000e+03    8.865789e+10
   3.814000e+03    8.874569e+10
   3.815000e+03    8.876194e+10
   3.816000e+03    8.845435e+10
   3.817000e+03    8.864531e+10
   3.818000e+03    9.039349e+10
   3.819000e+03    9.170341e+10
   3.820000e+03    9.196631e+10
   3.821000e+03    9.222996e+10
   3.822000e+03    9.293141e+10
   3.823000e+03    9.429094e+10
   3.824000e+03    9.317510e+10
   3.825000e+03    8.934848e+10
   3.826000e+03    8.567901e+10
   3.827000e+03    8.563246e+10
   3.828000e+03    8.837081e+10
   3.829000e+03    8.971465e+10
   3.830000e+03    9.019794e+10
   3.831000e+03    9.024620e+10
   3.832000e+03    9.009981e+10
   3.833000e+03    8.995366e+10
   3.834000e+03    8.922753e+10
   3.835000e+03    8.835234e+10
   3.836000e+03    8.990235e+10
   3.837000e+03    9.191682e+10
   3.838000e+03    9.397641e+10
   3.839000e+03    9.707183e+10
   3.840000e+03    1.002856e+11
   3.841000e+03    9.971347e+10
   3.842000e+03    9.919336e+10
   3.843000e+03    9.928109e+10
   3.844000e+03    9.936889e+10
   3.845000e+03    1.002511e+11
   3.846000e+03    1.051404e+11
   3.847000e+03    1.096699e+11
   3.848000e+03    1.123758e+11
   3.849000e+03    1.140958e+11
   3.850000e+03    1.133611e+11
   3.851000e+03    1.126311e+11
   3.852000e+03    1.123974e+11
   3.853000e+03    1.129239e+11
   3.854000e+03    1.113942e+11
   3.855000e+03    1.075241e+11
   3.856000e+03    1.037885e+11
   3.857000e+03    1.046127e+11
   3.858000e+03    1.091938e+11
   3.859000e+03    1.129583e+11
   3.860000e+03    1.162042e+11
   3.861000e+03    1.195433e+11
   3.862000e+03    1.262301e+11
   3.863000e+03    1.347001e+11
   3.864000e+03    1.397199e+11
   3.865000e+03    1.437494e+11
   3.866000e+03    1.424017e+11
   3.867000e+03    1.400563e+11
   3.868000e+03    1.377496e+11
   3.869000e+03    1.393588e+11
   3.870000e+03    1.412584e+11
   3.871000e+03    1.459988e+11
   3.872000e+03    1.508983e+11
   3.873000e+03    1.559622e+11
   3.874000e+03    1.624156e+11
   3.875000e+03    1.691361e+11
   3.876000e+03    1.643513e+11
   3.877000e+03    1.597018e+11
   3.878000e+03    1.572565e+11
   3.879000e+03    1.548485e+11
   3.880000e+03    1.524774e+11
   3.881000e+03    1.476411e+11
   3.882000e+03    1.429582e+11
   3.883000e+03    1.403028e+11
   3.884000e+03    1.376966e+11
   3.885000e+03    1.351389e+11
   3.886000e+03    1.367442e+11
   3.887000e+03    1.383686e+11
   3.888000e+03    1.399650e+11
   3.889000e+03    1.415798e+11
   3.890000e+03    1.432132e+11
   3.891000e+03    1.449031e+11
   3.892000e+03    1.466129e+11
   3.893000e+03    1.510659e+11
   3.894000e+03    1.556542e+11
   3.895000e+03    1.603818e+11
   3.896000e+03    1.677351e+11
   3.897000e+03    1.754256e+11
   3.898000e+03    1.855855e+11
   3.899000e+03    1.963338e+11
   3.900000e+03    1.982139e+11
   3.901000e+03    2.001121e+11
   3.902000e+03    2.020284e+11
   3.903000e+03    1.879838e+11
   3.904000e+03    1.749156e+11
   3.905000e+03    1.793629e+11
   3.906000e+03    1.839232e+11
   3.907000e+03    1.885995e+11
   3.908000e+03    2.024148e+11
   3.909000e+03    2.172421e+11
   3.910000e+03    2.258754e+11
   3.911000e+03    2.348518e+11
   3.912000e+03    2.441849e+11
   3.913000e+03    2.690153e+11
   3.914000e+03    2.963706e+11
   3.915000e+03    3.122229e+11
   3.916000e+03    3.289230e+11
   3.917000e+03    3.465165e+11
   3.918000e+03    3.617767e+11
   3.919000e+03    3.777089e+11
   3.920000e+03    3.778222e+11
   3.921000e+03    3.779355e+11
   3.922000e+03    3.780489e+11
   3.923000e+03    3.784311e+11
   3.924000e+03    3.788138e+11
   3.925000e+03    3.911297e+11
   3.926000e+03    4.038460e+11
   3.927000e+03    4.169757e+11
   3.928000e+03    4.259312e+11
   3.929000e+03    4.350792e+11
   3.930000e+03    4.323996e+11
   3.931000e+03    4.297365e+11
   3.932000e+03    4.270898e+11
   3.933000e+03    4.550310e+11
   3.934000e+03    4.848001e+11
   3.935000e+03    4.613289e+11
   3.936000e+03    4.389941e+11
   3.937000e+03    4.177406e+11
   3.938000e+03    4.282634e+11
   3.939000e+03    4.389283e+11
   3.940000e+03    4.465755e+11
   3.941000e+03    4.537521e+11
   3.942000e+03    4.534055e+11
   3.943000e+03    4.530591e+11
   3.944000e+03    4.539905e+11
   3.945000e+03    4.636592e+11
   3.946000e+03    4.716938e+11
   3.947000e+03    4.705659e+11
   3.948000e+03    4.694408e+11
   3.949000e+03    4.624480e+11
   3.950000e+03    4.357697e+11
   3.951000e+03    4.163753e+11
   3.952000e+03    4.140570e+11
   3.953000e+03    4.117517e+11
   3.954000e+03    4.035073e+11
   3.955000e+03    3.829420e+11
   3.956000e+03    3.631896e+11
   3.957000e+03    3.440425e+11
   3.958000e+03    3.259048e+11
   3.959000e+03    3.123773e+11
   3.960000e+03    3.046204e+11
   3.961000e+03    2.970561e+11
   3.962000e+03    2.844752e+11
   3.963000e+03    2.667095e+11
   3.964000e+03    2.554359e+11
   3.965000e+03    2.499543e+11
   3.966000e+03    2.445904e+11
   3.967000e+03    2.329778e+11
   3.968000e+03    2.171347e+11
   3.969000e+03    2.066618e+11
   3.970000e+03    1.995860e+11
   3.971000e+03    1.927525e+11
   3.972000e+03    1.861259e+11
   3.973000e+03    1.797129e+11
   3.974000e+03    1.717020e+11
   3.975000e+03    1.632442e+11
   3.976000e+03    1.552031e+11
   3.977000e+03    1.439220e+11
   3.978000e+03    1.322800e+11
   3.979000e+03    1.305159e+11
   3.980000e+03    1.314670e+11
   3.981000e+03    1.324250e+11
   3.982000e+03    1.222381e+11
   3.983000e+03    1.108279e+11
   3.984000e+03    1.063613e+11
   3.985000e+03    1.029738e+11
   3.986000e+03    9.969428e+10
   3.987000e+03    1.025781e+11
   3.988000e+03    1.060929e+11
   3.989000e+03    1.096408e+11
   3.990000e+03    1.133035e+11
   3.991000e+03    1.170203e+11
   3.992000e+03    1.159332e+11
   3.993000e+03    1.147759e+11
   3.994000e+03    1.121522e+11
   3.995000e+03    1.095885e+11
   3.996000e+03    1.065273e+11
   3.997000e+03    9.910290e+10
   3.998000e+03    9.310259e+10
   3.999000e+03    9.275516e+10
   4.000000e+03    9.240902e+10
   4.001000e+03    9.228507e+10
   4.002000e+03    9.305933e+10
   4.003000e+03    9.384009e+10
   4.004000e+03    9.408284e+10
   4.005000e+03    9.273633e+10
   4.006000e+03    9.090175e+10
   4.007000e+03    8.789945e+10
   4.008000e+03    8.499630e+10
   4.009000e+03    8.275680e+10
   4.010000e+03    8.163341e+10
   4.011000e+03    7.995117e+10
   4.012000e+03    7.740430e+10
   4.013000e+03    7.493855e+10
   4.014000e+03    7.503391e+10
   4.015000e+03    7.844673e+10
   4.016000e+03    8.090592e+10
   4.017000e+03    8.219448e+10
   4.018000e+03    8.350356e+10
   4.019000e+03    8.133479e+10
   4.020000e+03    7.631754e+10
   4.021000e+03    7.566818e+10
   4.022000e+03    7.825256e+10
   4.023000e+03    8.092521e+10
   4.024000e+03    8.321005e+10
   4.025000e+03    8.526157e+10
   4.026000e+03    8.736366e+10
   4.027000e+03    8.561354e+10
   4.028000e+03    8.213576e+10
   4.029000e+03    8.000450e+10
   4.030000e+03    7.840313e+10
   4.031000e+03    7.683382e+10
   4.032000e+03    7.377075e+10
   4.033000e+03    7.039716e+10
   4.034000e+03    6.867387e+10
   4.035000e+03    6.734782e+10
   4.036000e+03    6.604737e+10
   4.037000e+03    6.689480e+10
   4.038000e+03    6.810453e+10
   4.039000e+03    6.933613e+10
   4.040000e+03    7.002801e+10
   4.041000e+03    7.067569e+10
   4.042000e+03    7.005518e+10
   4.043000e+03    6.937969e+10
   4.044000e+03    6.870724e+10
   4.045000e+03    6.767382e+10
   4.046000e+03    6.674615e+10
   4.047000e+03    6.770037e+10
   4.048000e+03    6.866824e+10
   4.049000e+03    6.942618e+10
   4.050000e+03    6.821883e+10
   4.051000e+03    6.703248e+10
   4.052000e+03    6.578643e+10
   4.053000e+03    6.414086e+10
   4.054000e+03    6.339767e+10
   4.055000e+03    6.633794e+10
   4.056000e+03    6.941458e+10
   4.057000e+03    7.133728e+10
   4.058000e+03    6.943353e+10
   4.059000e+03    6.753390e+10
   4.060000e+03    6.557288e+10
   4.061000e+03    6.366880e+10
   4.062000e+03    6.274773e+10
   4.063000e+03    6.364588e+10
   4.064000e+03    6.455688e+10
   4.065000e+03    6.523622e+10
   4.066000e+03    6.554781e+10
   4.067000e+03    6.551052e+10
   4.068000e+03    6.501785e+10
   4.069000e+03    6.452890e+10
   4.070000e+03    6.361644e+10
   4.071000e+03    6.227891e+10
   4.072000e+03    6.232527e+10
   4.073000e+03    6.362346e+10
   4.074000e+03    6.494868e+10
   4.075000e+03    6.655899e+10
   4.076000e+03    6.840042e+10
   4.077000e+03    7.029280e+10
   4.078000e+03    7.058191e+10
   4.079000e+03    6.993774e+10
   4.080000e+03    6.782049e+10
   4.081000e+03    6.508098e+10
   4.082000e+03    6.245213e+10
   4.083000e+03    6.171173e+10
   4.084000e+03    6.165111e+10
   4.085000e+03    6.159054e+10
   4.086000e+03    6.230358e+10
   4.087000e+03    6.324295e+10
   4.088000e+03    6.331364e+10
   4.089000e+03    6.319238e+10
   4.090000e+03    6.307135e+10
   4.091000e+03    6.530726e+10
   4.092000e+03    6.797654e+10
   4.093000e+03    7.092229e+10
   4.094000e+03    7.401247e+10
   4.095000e+03    7.723730e+10
   4.096000e+03    7.485502e+10
   4.097000e+03    7.236755e+10
   4.098000e+03    7.002399e+10
   4.099000e+03    7.031783e+10
   4.100000e+03    7.058929e+10
   4.101000e+03    7.049104e+10
   4.102000e+03    7.039291e+10
   4.103000e+03    7.020295e+10
   4.104000e+03    6.931299e+10
   4.105000e+03    6.843432e+10
   4.106000e+03    6.858039e+10
   4.107000e+03    7.388999e+10
   4.108000e+03    7.869810e+10
   4.109000e+03    8.020562e+10
   4.110000e+03    8.174202e+10
   4.111000e+03    8.299014e+10
   4.112000e+03    8.335843e+10
   4.113000e+03    8.372835e+10
   4.114000e+03    8.365620e+10
   4.115000e+03    8.264110e+10
   4.116000e+03    8.223390e+10
   4.117000e+03    8.291732e+10
   4.118000e+03    8.360642e+10
   4.119000e+03    8.436039e+10
   4.120000e+03    8.520706e+10
   4.121000e+03    8.606222e+10
   4.122000e+03    8.700221e+10
   4.123000e+03    8.804106e+10
   4.124000e+03    8.944018e+10
   4.125000e+03    9.121303e+10
   4.126000e+03    9.302103e+10
   4.127000e+03    9.535561e+10
   4.128000e+03    9.814976e+10
   4.129000e+03    1.010258e+11
   4.130000e+03    1.016815e+11
   4.131000e+03    1.009030e+11
   4.132000e+03    1.019690e+11
   4.133000e+03    1.040620e+11
   4.134000e+03    1.061979e+11
   4.135000e+03    1.077001e+11
   4.136000e+03    1.089374e+11
   4.137000e+03    1.101889e+11
   4.138000e+03    1.065973e+11
   4.139000e+03    1.016848e+11
   4.140000e+03    1.046059e+11
   4.141000e+03    1.096973e+11
   4.142000e+03    1.150364e+11
   4.143000e+03    1.182679e+11
   4.144000e+03    1.211741e+11
   4.145000e+03    1.241517e+11
   4.146000e+03    1.246261e+11
   4.147000e+03    1.248427e+11
   4.148000e+03    1.267069e+11
   4.149000e+03    1.286974e+11
   4.150000e+03    1.307192e+11
   4.151000e+03    1.241709e+11
   4.152000e+03    1.179506e+11
   4.153000e+03    1.123870e+11
   4.154000e+03    1.128624e+11
   4.155000e+03    1.135326e+11
   4.156000e+03    1.161351e+11
   4.157000e+03    1.187973e+11
   4.158000e+03    1.203757e+11
   4.159000e+03    1.154799e+11
   4.160000e+03    1.107833e+11
   4.161000e+03    1.059300e+11
   4.162000e+03    9.999283e+10
   4.163000e+03    9.507791e+10
   4.164000e+03    9.251669e+10
   4.165000e+03    9.002446e+10
   4.166000e+03    8.783425e+10
   4.167000e+03    8.624768e+10
   4.168000e+03    8.468977e+10
   4.169000e+03    8.335711e+10
   4.170000e+03    8.240657e+10
   4.171000e+03    8.146687e+10
   4.172000e+03    8.071931e+10
   4.173000e+03    8.024286e+10
   4.174000e+03    7.874335e+10
   4.175000e+03    7.602141e+10
   4.176000e+03    7.339357e+10
   4.177000e+03    7.167508e+10
   4.178000e+03    7.081295e+10
   4.179000e+03    6.996119e+10
   4.180000e+03    7.008668e+10
   4.181000e+03    7.100536e+10
   4.182000e+03    7.088143e+10
   4.183000e+03    7.003478e+10
   4.184000e+03    6.919825e+10
   4.185000e+03    6.777253e+10
   4.186000e+03    6.605561e+10
   4.187000e+03    6.438219e+10
   4.188000e+03    6.496571e+10
   4.189000e+03    6.653403e+10
   4.190000e+03    6.814021e+10
   4.191000e+03    6.778241e+10
   4.192000e+03    6.679498e+10
   4.193000e+03    6.527596e+10
   4.194000e+03    6.365262e+10
   4.195000e+03    6.206966e+10
   4.196000e+03    6.107202e+10
   4.197000e+03    6.018727e+10
   4.198000e+03    5.931533e+10
   4.199000e+03    5.990848e+10
   4.200000e+03    6.066688e+10
