   3.600000e+03    1.213003e+11
   3.601000e+03    1.181115e+11
   3.602000e+03    1.159123e+11
   3.603000e+03    1.137541e+11
   3.604000e+03    1.110905e+11
   3.605000e+03    1.066577e+11
   3.606000e+03    1.034545e+11
   3.607000e+03    1.029273e+11
   3.608000e+03    1.016907e+11
   3.609000e+03    9.918135e+10
   3.610000e+03    9.813965e+10
   3.611000e+03    9.910489e+10
   3.612000e+03    1.010307e+11
   3.613000e+03    1.040603e+11
   3.614000e+03    1.062081e+11
   3.615000e+03    1.075702e+11
   3.616000e+03    1.093271e+11
   3.617000e+03    1.113624e+11
   3.618000e+03    1.134356e+11
   3.619000e+03    1.164512e+11
   3.620000e+03    1.199429e+11
   3.621000e+03    1.182813e+11
   3.622000e+03    1.151030e+11
   3.623000e+03    1.143152e+11
   3.624000e+03    1.140082e+11
   3.625000e+03    1.102976e+11
   3.626000e+03    1.063222e+11
   3.627000e+03    1.038613e+11
   3.628000e+03    1.015101e+11
   3.629000e+03    9.888995e+10
   3.630000e+03    9.715726e+10
   3.631000e+03    1.045591e+11
   3.632000e+03    1.125249e+11
   3.633000e+03    1.199292e+11
   3.634000e+03    1.223298e+11
   3.635000e+03    1.226392e+11
   3.636000e+03    1.165583e+11
   3.637000e+03    1.126926e+11
   3.638000e+03    1.132190e+11
   3.639000e+03    1.136485e+11
   3.640000e+03    1.139119e+11
   3.641000e+03    1.142515e+11
   3.642000e+03    1.146904e+11
   3.643000e+03    1.175547e+11
   3.644000e+03    1.230270e+11
   3.645000e+03    1.287540e+11
   3.646000e+03    1.318461e+11
   3.647000e+03    1.330326e+11
   3.648000e+03    1.338144e+11
   3.649000e+03    1.343855e+11
   3.650000e+03    1.351450e+11
   3.651000e+03    1.359804e+11
   3.652000e+03    1.348362e+11
   3.653000e+03    1.331747e+11
   3.654000e+03    1.336221e+11
   3.655000e+03    1.344410e+11
   3.656000e+03    1.352649e+11
   3.657000e+03    1.353920e+11
   3.658000e+03    1.354858e+11
   3.659000e+03    1.361428e+11
   3.660000e+03    1.367045e+11
   3.661000e+03    1.360448e+11
   3.662000e+03    1.360345e+11
   3.663000e+03    1.401203e+11
   3.664000e+03    1.435154e+11
   3.665000e+03    1.437492e+11
   3.666000e+03    1.439835e+11
   3.667000e+03    1.488010e+11
   3.668000e+03    1.655481e+11
   3.669000e+03    1.840965e+11
   3.670000e+03    2.045590e+11
   3.671000e+03    2.170275e+11
   3.672000e+03    2.163250e+11
   3.673000e+03    2.179173e+11
   3.674000e+03    2.219573e+11
   3.675000e+03    2.247332e+11
   3.676000e+03    2.264545e+11
   3.677000e+03    2.281891e+11
   3.678000e+03    2.272525e+11
   3.679000e+03    2.248866e+11
   3.680000e+03    2.282174e+11
   3.681000e+03    2.339584e+11
   3.682000e+03    2.419040e+11
   3.683000e+03    2.507354e+11
   3.684000e+03    2.543884e+11
   3.685000e+03    2.570483e+11
   3.686000e+03    2.597361e+11
   3.687000e+03    2.691836e+11
   3.688000e+03    2.794570e+11
   3.689000e+03    2.915897e+11
   3.690000e+03    3.031869e+11
   3.691000e+03    2.994812e+11
   3.692000e+03    2.970017e+11
   3.693000e+03    3.026715e+11
   3.694000e+03    3.075355e+11
   3.695000e+03    3.085863e+11
   3.696000e+03    3.096407e+11
   3.697000e+03    3.039162e+11
   3.698000e+03    2.823991e+11
   3.699000e+03    2.635685e+11
   3.700000e+03    2.480127e+11
   3.701000e+03    2.341079e+11
   3.702000e+03    2.219617e+11
   3.703000e+03    2.108127e+11
   3.704000e+03    2.006039e+11
   3.705000e+03    1.908894e+11
   3.706000e+03    1.778704e+11
   3.707000e+03    1.631810e+11
   3.708000e+03    1.532549e+11
   3.709000e+03    1.458570e+11
   3.710000e+03    1.355881e+11
   3.711000e+03    1.247903e+11
   3.712000e+03    1.236712e+11
   3.713000e+03    1.253642e+11
   3.714000e+03    1.270803e+11
   3.715000e+03    1.208757e+11
   3.716000e+03    1.138053e+11
   3.717000e+03    1.186812e+11
   3.718000e+03    1.247881e+11
   3.719000e+03    1.222666e+11
   3.720000e+03    1.196074e+11
   3.721000e+03    1.153147e+11
   3.722000e+03    1.111761e+11
   3.723000e+03    1.076923e+11
   3.724000e+03    1.071647e+11
   3.725000e+03    1.081419e+11
   3.726000e+03    1.149247e+11
   3.727000e+03    1.190755e+11
   3.728000e+03    1.154610e+11
   3.729000e+03    1.119562e+11
   3.730000e+03    1.071088e+11
   3.731000e+03    1.001762e+11
   3.732000e+03    9.491191e+10
   3.733000e+03    9.144044e+10
   3.734000e+03    8.901975e+10
   3.735000e+03    8.757193e+10
   3.736000e+03    8.679881e+10
   3.737000e+03    8.653511e+10
   3.738000e+03    8.627222e+10
   3.739000e+03    8.824826e+10
   3.740000e+03    9.147441e+10
   3.741000e+03    9.152323e+10
   3.742000e+03    9.034194e+10
   3.743000e+03    8.834253e+10
   3.744000e+03    8.616842e+10
   3.745000e+03    8.404782e+10
   3.746000e+03    8.552617e+10
   3.747000e+03    8.752041e+10
   3.748000e+03    9.036769e+10
   3.749000e+03    9.328854e+10
   3.750000e+03    9.016793e+10
   3.751000e+03    8.721192e+10
   3.752000e+03    8.507991e+10
   3.753000e+03    8.300002e+10
   3.754000e+03    8.160469e+10
   3.755000e+03    8.334080e+10
   3.756000e+03    8.412166e+10
   3.757000e+03    8.171316e+10
   3.758000e+03    7.988115e+10
   3.759000e+03    7.927234e+10
   3.760000e+03    7.866817e+10
   3.761000e+03    7.835754e+10
   3.762000e+03    7.849361e+10
   3.763000e+03    7.764451e+10
   3.764000e+03    7.566434e+10
   3.765000e+03    7.539366e+10
   3.766000e+03    7.667480e+10
   3.767000e+03    7.797771e+10
   3.768000e+03    7.920668e+10
   3.769000e+03    8.039451e+10
   3.770000e+03    8.240856e+10
   3.771000e+03    8.486432e+10
   3.772000e+03    8.561172e+10
   3.773000e+03    8.575800e+10
   3.774000e+03    8.590452e+10
   3.775000e+03    8.175685e+10
   3.776000e+03    7.705677e+10
   3.777000e+03    7.478607e+10
   3.778000e+03    7.280778e+10
   3.779000e+03    7.472530e+10
   3.780000e+03    7.682696e+10
   3.781000e+03    7.873820e+10
   3.782000e+03    7.703768e+10
   3.783000e+03    7.553247e+10
   3.784000e+03    7.512787e+10
   3.785000e+03    7.471590e+10
   3.786000e+03    7.426608e+10
   3.787000e+03    7.381898e+10
   3.788000e+03    7.280623e+10
   3.789000e+03    7.043507e+10
   3.790000e+03    6.821834e+10
   3.791000e+03    6.620981e+10
   3.792000e+03    6.512389e+10
   3.793000e+03    6.527296e+10
   3.794000e+03    6.542237e+10
   3.795000e+03    6.628039e+10
   3.796000e+03    6.784459e+10
   3.797000e+03    6.807664e+10
   3.798000e+03    6.730937e+10
   3.799000e+03    6.735441e+10
   3.800000e+03    6.785950e+10
   3.801000e+03    6.836838e+10
   3.802000e+03    6.811588e+10
   3.803000e+03    6.759020e+10
   3.804000e+03    6.724215e+10
   3.805000e+03    6.693971e+10
   3.806000e+03    6.971522e+10
   3.807000e+03    7.313367e+10
   3.808000e+03    7.671973e+10
   3.809000e+03    7.855130e+10
   3.810000e+03    8.027945e+10
   3.811000e+03    7.925519e+10
   3.812000e+03    7.828276e+10
   3.813000e+03    7.773512e+10
   3.814000e+03    7.719131e+10
   3.815000e+03    7.668811e+10
   3.816000e+03    7.635407e+10
   3.817000e+03    7.666189e+10
   3.818000e+03    7.899016e+10
   3.819000e+03    7.991568e+10
   3.820000e+03    7.760806e+10
   3.821000e+03    7.536708e+10
   3.822000e+03    7.259057e+10
   3.823000e+03    6.907302e+10
   3.824000e+03    6.831649e+10
   3.825000e+03    7.060263e+10
   3.826000e+03    7.296528e+10
   3.827000e+03    7.466934e+10
   3.828000e+03    7.583432e+10
   3.829000e+03    7.779216e+10
   3.830000e+03    8.027573e+10
   3.831000e+03    8.143146e+10
   3.832000e+03    8.197484e+10
   3.833000e+03    8.252184e+10
   3.834000e+03    8.202718e+10
   3.835000e+03    8.125692e+10
   3.836000e+03    7.889431e+10
   3.837000e+03    7.633180e+10
   3.838000e+03    7.385253e+10
   3.839000e+03    7.723082e+10
   3.840000e+03    8.107817e+10
   3.841000e+03    8.139367e+10
   3.842000e+03    8.183599e+10
   3.843000e+03    8.386635e+10
   3.844000e+03    8.594708e+10
   3.845000e+03    8.798482e+10
   3.846000e+03    8.960018e+10
   3.847000e+03    9.023612e+10
   3.848000e+03    8.762859e+10
   3.849000e+03    8.626940e+10
   3.850000e+03    8.771669e+10
   3.851000e+03    8.918825e+10
   3.852000e+03    9.058829e+10
   3.853000e+03    9.185997e+10
   3.854000e+03    9.360924e+10
   3.855000e+03    9.595047e+10
   3.856000e+03    9.835025e+10
   3.857000e+03    1.021870e+11
   3.858000e+03    1.073431e+11
   3.859000e+03    1.099582e+11
   3.860000e+03    1.108921e+11
   3.861000e+03    1.118338e+11
   3.862000e+03    1.121370e+11
   3.863000e+03    1.121809e+11
   3.864000e+03    1.169802e+11
   3.865000e+03    1.234498e+11
   3.866000e+03    1.262555e+11
   3.867000e+03    1.283585e+11
   3.868000e+03    1.304966e+11
   3.869000e+03    1.231304e+11
   3.870000e+03    1.155905e+11
   3.871000e+03    1.162945e+11
   3.872000e+03    1.170027e+11
   3.873000e+03    1.177153e+11
   3.874000e+03    1.231972e+11
   3.875000e+03    1.289344e+11
   3.876000e+03    1.266620e+11
   3.877000e+03    1.244298e+11
   3.878000e+03    1.220618e+11
   3.879000e+03    1.197390e+11
   3.880000e+03    1.174603e+11
   3.881000e+03    1.157049e+11
   3.882000e+03    1.139756e+11
   3.883000e+03    1.159526e+11
   3.884000e+03    1.179639e+11
   3.885000e+03    1.200101e+11
   3.886000e+03    1.191999e+11
   3.887000e+03    1.183952e+11
   3.888000e+03    1.200437e+11
   3.889000e+03    1.217151e+11
   3.890000e+03    1.234098e+11
   3.891000e+03    1.219134e+11
   3.892000e+03    1.204351e+11
   3.893000e+03    1.189725e+11
   3.894000e+03    1.175277e+11
   3.895000e+03    1.161004e+11
   3.896000e+03    1.192865e+11
   3.897000e+03    1.225599e+11
   3.898000e+03    1.247919e+11
   3.899000e+03    1.270645e+11
   3.900000e+03    1.291274e+11
   3.901000e+03    1.312237e+11
   3.902000e+03    1.333540e+11
   3.903000e+03    1.402311e+11
   3.904000e+03    1.474629e+11
   3.905000e+03    1.508142e+11
   3.906000e+03    1.542416e+11
   3.907000e+03    1.577470e+11
   3.908000e+03    1.661903e+11
   3.909000e+03    1.750856e+11
   3.910000e+03    1.784213e+11
   3.911000e+03    1.818207e+11
   3.912000e+03    1.852847e+11
   3.913000e+03    1.924554e+11
   3.914000e+03    1.999035e+11
   3.915000e+03    2.179447e+11
   3.916000e+03    2.376141e+11
   3.917000e+03    2.590587e+11
   3.918000e+03    2.756533e+11
   3.919000e+03    2.933108e+11
   3.920000e+03    3.010382e+11
   3.921000e+03    3.089691e+11
   3.922000e+03    3.171089e+11
   3.923000e+03    3.181695e+11
   3.924000e+03    3.192337e+11
   3.925000e+03    3.260834e+11
   3.926000e+03    3.330801e+11
   3.927000e+03    3.402270e+11
   3.928000e+03    3.433573e+11
   3.929000e+03    3.465165e+11
   3.930000e+03    3.496609e+11
   3.931000e+03    3.528339e+11
   3.932000e+03    3.560357e+11
   3.933000e+03    3.644774e+11
   3.934000e+03    3.731193e+11
   3.935000e+03    3.819464e+11
   3.936000e+03    3.909823e+11
   3.937000e+03    4.002320e+11
   3.938000e+03    4.003186e+11
   3.939000e+03    4.007865e+11
   3.940000e+03    4.113563e+11
   3.941000e+03    4.213633e+11
   3.942000e+03    4.209300e+11
   3.943000e+03    4.204971e+11
   3.944000e+03    4.188418e+11
   3.945000e+03    4.090633e+11
   3.946000e+03    3.998034e+11
   3.947000e+03    3.921826e+11
   3.948000e+03    3.847070e+11
   3.949000e+03    3.750747e+11
   3.950000e+03    3.578993e+11
   3.951000e+03    3.435521e+11
   3.952000e+03    3.354803e+11
   3.953000e+03    3.275981e+11
   3.954000e+03    3.164900e+11
   3.955000e+03    2.986598e+11
   3.956000e+03    2.838946e+11
   3.957000e+03    2.735312e+11
   3.958000e+03    2.635460e+11
   3.959000e+03    2.514397e+11
   3.960000e+03    2.364550e+11
   3.961000e+03    2.223634e+11
   3.962000e+03    2.112761e+11
   3.963000e+03    2.031749e+11
   3.964000e+03    1.955093e+11
   3.965000e+03    1.882543e+11
   3.966000e+03    1.812686e+11
   3.967000e+03    1.704309e+11
   3.968000e+03    1.571833e+11
   3.969000e+03    1.530606e+11
   3.970000e+03    1.547849e+11
   3.971000e+03    1.565286e+11
   3.972000e+03    1.552287e+11
   3.973000e+03    1.522940e+11
   3.974000e+03    1.479809e+11
   3.975000e+03    1.431449e+11
   3.976000e+03    1.384669e+11
   3.977000e+03    1.309258e+11
   3.978000e+03    1.227950e+11
   3.979000e+03    1.155524e+11
   3.980000e+03    1.088424e+11
   3.981000e+03    1.025221e+11
   3.982000e+03    9.847621e+10
   3.983000e+03    9.497109e+10
   3.984000e+03    9.285215e+10
   3.985000e+03    9.097224e+10
   3.986000e+03    8.913038e+10
   3.987000e+03    8.958396e+10
   3.988000e+03    9.023544e+10
   3.989000e+03    8.956535e+10
   3.990000e+03    8.884371e+10
   3.991000e+03    8.807779e+10
   3.992000e+03    8.384810e+10
   3.993000e+03    8.001901e+10
   3.994000e+03    7.998147e+10
   3.995000e+03    7.994395e+10
   3.996000e+03    7.956594e+10
   3.997000e+03    7.638809e+10
   3.998000e+03    7.405729e+10
   3.999000e+03    7.613295e+10
   4.000000e+03    7.826678e+10
   4.001000e+03    8.065671e+10
   4.002000e+03    8.394318e+10
   4.003000e+03    8.736357e+10
   4.004000e+03    8.930924e+10
   4.005000e+03    8.660640e+10
   4.006000e+03    8.364038e+10
   4.007000e+03    7.996729e+10
   4.008000e+03    7.645551e+10
   4.009000e+03    7.378907e+10
   4.010000e+03    7.249584e+10
   4.011000e+03    7.201870e+10
   4.012000e+03    7.283581e+10
   4.013000e+03    7.366218e+10
   4.014000e+03    7.244272e+10
   4.015000e+03    6.872939e+10
   4.016000e+03    6.528740e+10
   4.017000e+03    6.210306e+10
   4.018000e+03    5.907404e+10
   4.019000e+03    5.720499e+10
   4.020000e+03    5.627925e+10
   4.021000e+03    5.660886e+10
   4.022000e+03    5.791270e+10
   4.023000e+03    5.924657e+10
   4.024000e+03    6.190945e+10
   4.025000e+03    6.553020e+10
   4.026000e+03    6.936269e+10
   4.027000e+03    7.054045e+10
   4.028000e+03    7.038466e+10
   4.029000e+03    6.909391e+10
   4.030000e+03    6.738611e+10
   4.031000e+03    6.572052e+10
   4.032000e+03    6.235196e+10
   4.033000e+03    5.866944e+10
   4.034000e+03    5.887177e+10
   4.035000e+03    5.999378e+10
   4.036000e+03    6.113717e+10
   4.037000e+03    6.014425e+10
   4.038000e+03    5.883377e+10
   4.039000e+03    5.755184e+10
   4.040000e+03    5.543333e+10
   4.041000e+03    5.331812e+10
   4.042000e+03    5.359706e+10
   4.043000e+03    5.399243e+10
   4.044000e+03    5.438694e+10
   4.045000e+03    5.437828e+10
   4.046000e+03    5.434943e+10
   4.047000e+03    5.390446e+10
   4.048000e+03    5.346313e+10
   4.049000e+03    5.307926e+10
   4.050000e+03    5.317436e+10
   4.051000e+03    5.326963e+10
   4.052000e+03    5.355641e+10
   4.053000e+03    5.489204e+10
   4.054000e+03    5.610682e+10
   4.055000e+03    5.669656e+10
   4.056000e+03    5.729249e+10
   4.057000e+03    5.722074e+10
   4.058000e+03    5.516445e+10
   4.059000e+03    5.333452e+10
   4.060000e+03    5.193565e+10
   4.061000e+03    5.057348e+10
   4.062000e+03    4.992935e+10
   4.063000e+03    5.062175e+10
   4.064000e+03    5.132375e+10
   4.065000e+03    5.240820e+10
   4.066000e+03    5.410055e+10
   4.067000e+03    5.506143e+10
   4.068000e+03    5.500945e+10
   4.069000e+03    5.495752e+10
   4.070000e+03    5.491405e+10
   4.071000e+03    5.487941e+10
   4.072000e+03    5.557525e+10
   4.073000e+03    5.695670e+10
   4.074000e+03    5.837250e+10
   4.075000e+03    5.938969e+10
   4.076000e+03    6.010784e+10
   4.077000e+03    6.083468e+10
   4.078000e+03    6.026922e+10
   4.079000e+03    5.898340e+10
   4.080000e+03    5.834980e+10
   4.081000e+03    5.802600e+10
   4.082000e+03    5.770400e+10
   4.083000e+03    5.631376e+10
   4.084000e+03    5.457210e+10
   4.085000e+03    5.288430e+10
   4.086000e+03    5.252567e+10
   4.087000e+03    5.252567e+10
   4.088000e+03    5.278445e+10
   4.089000e+03    5.310165e+10
   4.090000e+03    5.342076e+10
   4.091000e+03    5.473436e+10
   4.092000e+03    5.622631e+10
   4.093000e+03    5.661304e+10
   4.094000e+03    5.689292e+10
   4.095000e+03    5.717419e+10
   4.096000e+03    5.779664e+10
   4.097000e+03    5.843734e+10
   4.098000e+03    5.910573e+10
   4.099000e+03    6.067130e+10
   4.100000e+03    6.223605e+10
   4.101000e+03    6.316430e+10
   4.102000e+03    6.410639e+10
   4.103000e+03    6.461897e+10
   4.104000e+03    6.180197e+10
   4.105000e+03    5.910778e+10
   4.106000e+03    5.703345e+10
   4.107000e+03    5.745244e+10
   4.108000e+03    5.822878e+10
   4.109000e+03    6.040833e+10
   4.110000e+03    6.266947e+10
   4.111000e+03    6.476884e+10
   4.112000e+03    6.622889e+10
   4.113000e+03    6.772184e+10
   4.114000e+03    6.954260e+10
   4.115000e+03    7.206454e+10
   4.116000e+03    7.430557e+10
   4.117000e+03    7.592309e+10
   4.118000e+03    7.757582e+10
   4.119000e+03    7.912458e+10
   4.120000e+03    8.049938e+10
   4.121000e+03    8.189807e+10
   4.122000e+03    8.194259e+10
   4.123000e+03    8.043122e+10
   4.124000e+03    7.801100e+10
   4.125000e+03    7.477405e+10
   4.126000e+03    7.167141e+10
   4.127000e+03    7.121772e+10
   4.128000e+03    7.281896e+10
   4.129000e+03    7.445621e+10
   4.130000e+03    7.709717e+10
   4.131000e+03    8.047069e+10
   4.132000e+03    8.209389e+10
   4.133000e+03    8.272442e+10
   4.134000e+03    8.335980e+10
   4.135000e+03    8.427075e+10
   4.136000e+03    8.530638e+10
   4.137000e+03    8.635474e+10
   4.138000e+03    9.039336e+10
   4.139000e+03    9.562490e+10
   4.140000e+03    9.616548e+10
   4.141000e+03    9.547190e+10
   4.142000e+03    9.478332e+10
   4.143000e+03    9.492749e+10
   4.144000e+03    9.521601e+10
   4.145000e+03    9.550541e+10
   4.146000e+03    9.903406e+10
   4.147000e+03    1.030403e+11
   4.148000e+03    9.766114e+10
   4.149000e+03    9.205881e+10
   4.150000e+03    8.677785e+10
   4.151000e+03    8.828210e+10
   4.152000e+03    8.981242e+10
   4.153000e+03    9.134635e+10
   4.154000e+03    9.250899e+10
   4.155000e+03    9.357463e+10
   4.156000e+03    9.354576e+10
   4.157000e+03    9.351690e+10
   4.158000e+03    9.318949e+10
   4.159000e+03    9.116179e+10
   4.160000e+03    8.917820e+10
   4.161000e+03    8.646875e+10
   4.162000e+03    8.097298e+10
   4.163000e+03    7.663039e+10
   4.164000e+03    7.498844e+10
   4.165000e+03    7.338169e+10
   4.166000e+03    7.212958e+10
   4.167000e+03    7.165702e+10
   4.168000e+03    7.118756e+10
   4.169000e+03    7.098172e+10
   4.170000e+03    7.126100e+10
   4.171000e+03    7.154139e+10
   4.172000e+03    7.076874e+10
   4.173000e+03    6.850345e+10
   4.174000e+03    6.737874e+10
   4.175000e+03    6.762073e+10
   4.176000e+03    6.786358e+10
   4.177000e+03    6.791966e+10
   4.178000e+03    6.778677e+10
   4.179000e+03    6.765414e+10
   4.180000e+03    6.596531e+10
   4.181000e+03    6.311752e+10
   4.182000e+03    6.071736e+10
   4.183000e+03    5.862663e+10
   4.184000e+03    5.660789e+10
   4.185000e+03    5.508052e+10
   4.186000e+03    5.382147e+10
   4.187000e+03    5.259121e+10
   4.188000e+03    5.195706e+10
   4.189000e+03    5.157241e+10
   4.190000e+03    5.119061e+10
   4.191000e+03    4.991783e+10
   4.192000e+03    4.839831e+10
   4.193000e+03    4.874704e+10
   4.194000e+03    4.959004e+10
   4.195000e+03    5.044763e+10
   4.196000e+03    5.017147e+10
   4.197000e+03    4.969467e+10
   4.198000e+03    4.922241e+10
   4.199000e+03    4.945413e+10
   4.200000e+03    4.976283e+10
