oname Sphere1d-yp_ix0_iy0
data in W/cm2/sr/eV
   3.600000e+03    1.854980e+11    0.000000e+00
   3.601000e+03    1.857095e+11    0.000000e+00
   3.602000e+03    1.856828e+11    0.000000e+00
   3.603000e+03    1.853942e+11    0.000000e+00
   3.604000e+03    1.852814e+11    0.000000e+00
   3.605000e+03    1.853177e+11    0.000000e+00
   3.606000e+03    1.853229e+11    0.000000e+00
   3.607000e+03    1.852204e+11    0.000000e+00
   3.608000e+03    1.851626e+11    0.000000e+00
   3.609000e+03    1.849875e+11    0.000000e+00
   3.610000e+03    1.842322e+11    0.000000e+00
   3.611000e+03    1.829359e+11    0.000000e+00
   3.612000e+03    1.809554e+11    0.000000e+00
   3.613000e+03    1.783877e+11    0.000000e+00
   3.614000e+03    1.753693e+11    0.000000e+00
   3.615000e+03    1.721802e+11    0.000000e+00
   3.616000e+03    1.689063e+11    0.000000e+00
   3.617000e+03    1.656649e+11    0.000000e+00
   3.618000e+03    1.625443e+11    0.000000e+00
   3.619000e+03    1.596676e+11    0.000000e+00
   3.620000e+03    1.570526e+11    0.000000e+00
   3.621000e+03    1.543455e+11    0.000000e+00
   3.622000e+03    1.516494e+11    0.000000e+00
   3.623000e+03    1.489255e+11    0.000000e+00
   3.624000e+03    1.461933e+11    0.000000e+00
   3.625000e+03    1.435949e+11    0.000000e+00
   3.626000e+03    1.411703e+11    0.000000e+00
   3.627000e+03    1.390057e+11    0.000000e+00
   3.628000e+03    1.370346e+11    0.000000e+00
   3.629000e+03    1.350093e+11    0.000000e+00
   3.630000e+03    1.332279e+11    0.000000e+00
   3.631000e+03    1.324045e+11    0.000000e+00
   3.632000e+03    1.324203e+11    0.000000e+00
   3.633000e+03    1.327517e+11    0.000000e+00
   3.634000e+03    1.332657e+11    0.000000e+00
   3.635000e+03    1.341441e+11    0.000000e+00
   3.636000e+03    1.354230e+11    0.000000e+00
   3.637000e+03    1.370666e+11    0.000000e+00
   3.638000e+03    1.384658e+11    0.000000e+00
   3.639000e+03    1.396692e+11    0.000000e+00
   3.640000e+03    1.411558e+11    0.000000e+00
   3.641000e+03    1.432569e+11    0.000000e+00
   3.642000e+03    1.469728e+11    0.000000e+00
   3.643000e+03    1.514147e+11    0.000000e+00
   3.644000e+03    1.556148e+11    0.000000e+00
   3.645000e+03    1.596482e+11    1.164660e-21
   3.646000e+03    1.636379e+11    1.248510e-21
   3.647000e+03    1.671954e+11    1.278293e-21
   3.648000e+03    1.702771e+11    1.238722e-21
   3.649000e+03    1.733669e+11    1.218158e-21
   3.650000e+03    1.760449e+11    1.145872e-21
   3.651000e+03    1.780011e+11    9.879220e-22
   3.652000e+03    1.795874e+11    8.222044e-22
   3.653000e+03    1.811810e+11    6.933599e-22
   3.654000e+03    1.828192e+11    5.928066e-22
   3.655000e+03    1.846752e+11    5.033985e-22
   3.656000e+03    1.867998e+11    4.269108e-22
   3.657000e+03    1.892436e+11    3.624521e-22
   3.658000e+03    1.919794e+11    3.106041e-22
   3.659000e+03    1.949713e+11    2.677877e-22
   3.660000e+03    1.982283e+11    2.354225e-22
   3.661000e+03    2.015123e+11    2.243341e-22
   3.662000e+03    2.048028e+11    2.301186e-22
   3.663000e+03    2.100769e+11    2.225913e-22
   3.664000e+03    2.174734e+11    2.008298e-22
   3.665000e+03    2.257347e+11    1.816207e-22
   3.666000e+03    2.345859e+11    1.665827e-22
   3.667000e+03    2.439474e+11    1.549520e-22
   3.668000e+03    2.541562e+11    1.469849e-22
   3.669000e+03    2.651144e+11    1.428129e-22
   3.670000e+03    2.758519e+11    1.385121e-22
   3.671000e+03    2.864530e+11    1.391717e-22
   3.672000e+03    2.981850e+11    1.384284e-22
   3.673000e+03    3.109422e+11    1.398386e-22
   3.674000e+03    3.247408e+11    1.505915e-22
   3.675000e+03    3.386162e+11    1.666275e-22
   3.676000e+03    3.511710e+11    1.775494e-22
   3.677000e+03    3.631123e+11    1.898567e-22
   3.678000e+03    3.747882e+11    1.930416e-22
   3.679000e+03    3.860784e+11    1.917566e-22
   3.680000e+03    3.971767e+11    1.912359e-22
   3.681000e+03    4.072594e+11    2.045656e-22
   3.682000e+03    4.159482e+11    2.239350e-22
   3.683000e+03    4.235736e+11    2.516446e-22
   3.684000e+03    4.299763e+11    2.886845e-22
   3.685000e+03    4.348257e+11    3.325852e-22
   3.686000e+03    4.379592e+11    3.814654e-22
   3.687000e+03    4.391154e+11    4.268785e-22
   3.688000e+03    4.378865e+11    4.481055e-22
   3.689000e+03    4.345733e+11    4.500491e-22
   3.690000e+03    4.298657e+11    4.593965e-22
   3.691000e+03    4.238900e+11    4.826321e-22
   3.692000e+03    4.165475e+11    5.146028e-22
   3.693000e+03    4.075393e+11    5.370207e-22
   3.694000e+03    3.968933e+11    5.416233e-22
   3.695000e+03    3.848234e+11    5.319976e-22
   3.696000e+03    3.715256e+11    5.153782e-22
   3.697000e+03    3.572621e+11    5.004105e-22
   3.698000e+03    3.425390e+11    5.045292e-22
   3.699000e+03    3.277487e+11    5.296504e-22
   3.700000e+03    3.136370e+11    5.150328e-22
   3.701000e+03    3.010328e+11    4.405036e-22
   3.702000e+03    2.882223e+11    3.919345e-22
   3.703000e+03    2.745931e+11    3.835489e-22
   3.704000e+03    2.610537e+11    3.870425e-22
   3.705000e+03    2.478305e+11    3.951637e-22
   3.706000e+03    2.351320e+11    4.085720e-22
   3.707000e+03    2.227392e+11    4.282317e-22
   3.708000e+03    2.107489e+11    4.491413e-22
   3.709000e+03    2.003067e+11    4.928425e-22
   3.710000e+03    1.916351e+11    5.237449e-22
   3.711000e+03    1.836142e+11    5.946859e-22
   3.712000e+03    1.760265e+11    7.097068e-22
   3.713000e+03    1.679774e+11    7.543154e-22
   3.714000e+03    1.596615e+11    7.203000e-22
   3.715000e+03    1.521309e+11    6.932803e-22
   3.716000e+03    1.454612e+11    6.786587e-22
   3.717000e+03    1.397956e+11    6.872273e-22
   3.718000e+03    1.351611e+11    7.240504e-22
   3.719000e+03    1.313871e+11    7.652417e-22
   3.720000e+03    1.280436e+11    8.049854e-22
   3.721000e+03    1.252053e+11    0.000000e+00
   3.722000e+03    1.228170e+11    0.000000e+00
   3.723000e+03    1.208280e+11    0.000000e+00
   3.724000e+03    1.195130e+11    0.000000e+00
   3.725000e+03    1.189122e+11    0.000000e+00
   3.726000e+03    1.189812e+11    0.000000e+00
   3.727000e+03    1.198384e+11    0.000000e+00
   3.728000e+03    1.212599e+11    0.000000e+00
   3.729000e+03    1.232789e+11    0.000000e+00
   3.730000e+03    1.254865e+11    0.000000e+00
   3.731000e+03    1.274537e+11    0.000000e+00
   3.732000e+03    1.293657e+11    0.000000e+00
   3.733000e+03    1.311323e+11    0.000000e+00
   3.734000e+03    1.327265e+11    0.000000e+00
   3.735000e+03    1.341671e+11    0.000000e+00
   3.736000e+03    1.354280e+11    0.000000e+00
   3.737000e+03    1.363506e+11    0.000000e+00
   3.738000e+03    1.368330e+11    0.000000e+00
   3.739000e+03    1.369384e+11    0.000000e+00
   3.740000e+03    1.366629e+11    0.000000e+00
   3.741000e+03    1.360545e+11    0.000000e+00
   3.742000e+03    1.350866e+11    0.000000e+00
   3.743000e+03    1.337308e+11    0.000000e+00
   3.744000e+03    1.322777e+11    0.000000e+00
   3.745000e+03    1.309268e+11    0.000000e+00
   3.746000e+03    1.296266e+11    0.000000e+00
   3.747000e+03    1.283090e+11    0.000000e+00
   3.748000e+03    1.268877e+11    0.000000e+00
   3.749000e+03    1.256525e+11    0.000000e+00
   3.750000e+03    1.247222e+11    0.000000e+00
   3.751000e+03    1.239747e+11    0.000000e+00
   3.752000e+03    1.232830e+11    0.000000e+00
   3.753000e+03    1.224340e+11    0.000000e+00
   3.754000e+03    1.214724e+11    0.000000e+00
   3.755000e+03    1.205300e+11    0.000000e+00
   3.756000e+03    1.198422e+11    0.000000e+00
   3.757000e+03    1.193985e+11    0.000000e+00
   3.758000e+03    1.188569e+11    0.000000e+00
   3.759000e+03    1.182201e+11    0.000000e+00
   3.760000e+03    1.177876e+11    0.000000e+00
   3.761000e+03    1.177800e+11    0.000000e+00
   3.762000e+03    1.183687e+11    0.000000e+00
   3.763000e+03    1.193870e+11    0.000000e+00
   3.764000e+03    1.207251e+11    0.000000e+00
   3.765000e+03    1.222126e+11    0.000000e+00
   3.766000e+03    1.236605e+11    0.000000e+00
   3.767000e+03    1.249571e+11    0.000000e+00
   3.768000e+03    1.257976e+11    0.000000e+00
   3.769000e+03    1.262770e+11    0.000000e+00
   3.770000e+03    1.268177e+11    0.000000e+00
   3.771000e+03    1.272451e+11    0.000000e+00
   3.772000e+03    1.275046e+11    0.000000e+00
   3.773000e+03    1.275048e+11    0.000000e+00
   3.774000e+03    1.271608e+11    0.000000e+00
   3.775000e+03    1.264904e+11    0.000000e+00
   3.776000e+03    1.255135e+11    0.000000e+00
   3.777000e+03    1.243216e+11    0.000000e+00
   3.778000e+03    1.229642e+11    0.000000e+00
   3.779000e+03    1.215046e+11    0.000000e+00
   3.780000e+03    1.200052e+11    0.000000e+00
   3.781000e+03    1.185794e+11    0.000000e+00
   3.782000e+03    1.173971e+11    0.000000e+00
   3.783000e+03    1.164752e+11    0.000000e+00
   3.784000e+03    1.156999e+11    0.000000e+00
   3.785000e+03    1.149752e+11    0.000000e+00
   3.786000e+03    1.144257e+11    0.000000e+00
   3.787000e+03    1.142618e+11    0.000000e+00
   3.788000e+03    1.142446e+11    0.000000e+00
   3.789000e+03    1.141691e+11    0.000000e+00
   3.790000e+03    1.140381e+11    0.000000e+00
   3.791000e+03    1.138604e+11    0.000000e+00
   3.792000e+03    1.138160e+11    0.000000e+00
   3.793000e+03    1.139651e+11    0.000000e+00
   3.794000e+03    1.143857e+11    0.000000e+00
   3.795000e+03    1.147959e+11    0.000000e+00
   3.796000e+03    1.150913e+11    0.000000e+00
   3.797000e+03    1.156452e+11    0.000000e+00
   3.798000e+03    1.165261e+11    0.000000e+00
   3.799000e+03    1.174633e+11    0.000000e+00
   3.800000e+03    1.184381e+11    0.000000e+00
   3.801000e+03    1.194731e+11    0.000000e+00
   3.802000e+03    1.203586e+11    0.000000e+00
   3.803000e+03    1.208774e+11    0.000000e+00
   3.804000e+03    1.210293e+11    0.000000e+00
   3.805000e+03    1.208522e+11    0.000000e+00
   3.806000e+03    1.204913e+11    0.000000e+00
   3.807000e+03    1.200874e+11    0.000000e+00
   3.808000e+03    1.196380e+11    0.000000e+00
   3.809000e+03    1.188404e+11    0.000000e+00
   3.810000e+03    1.179157e+11    0.000000e+00
   3.811000e+03    1.170182e+11    0.000000e+00
   3.812000e+03    1.160645e+11    0.000000e+00
   3.813000e+03    1.150827e+11    0.000000e+00
   3.814000e+03    1.140929e+11    0.000000e+00
   3.815000e+03    1.130236e+11    0.000000e+00
   3.816000e+03    1.118959e+11    0.000000e+00
   3.817000e+03    1.107870e+11    0.000000e+00
   3.818000e+03    1.097313e+11    0.000000e+00
   3.819000e+03    1.087265e+11    0.000000e+00
   3.820000e+03    1.079125e+11    0.000000e+00
   3.821000e+03    1.072768e+11    0.000000e+00
   3.822000e+03    1.071058e+11    0.000000e+00
   3.823000e+03    1.071107e+11    0.000000e+00
   3.824000e+03    1.069798e+11    0.000000e+00
   3.825000e+03    1.068404e+11    0.000000e+00
   3.826000e+03    1.066289e+11    0.000000e+00
   3.827000e+03    1.061649e+11    0.000000e+00
   3.828000e+03    1.055621e+11    0.000000e+00
   3.829000e+03    1.050252e+11    0.000000e+00
   3.830000e+03    1.047700e+11    0.000000e+00
   3.831000e+03    1.050954e+11    0.000000e+00
   3.832000e+03    1.060054e+11    0.000000e+00
   3.833000e+03    1.075158e+11    0.000000e+00
   3.834000e+03    1.097198e+11    0.000000e+00
   3.835000e+03    1.125509e+11    0.000000e+00
   3.836000e+03    1.158883e+11    0.000000e+00
   3.837000e+03    1.195758e+11    0.000000e+00
   3.838000e+03    1.232156e+11    0.000000e+00
   3.839000e+03    1.264874e+11    0.000000e+00
   3.840000e+03    1.293210e+11    1.536073e-21
   3.841000e+03    1.317357e+11    1.400610e-21
   3.842000e+03    1.338119e+11    1.227524e-21
   3.843000e+03    1.358527e+11    1.082347e-21
   3.844000e+03    1.379278e+11    9.696667e-22
   3.845000e+03    1.399135e+11    8.690298e-22
   3.846000e+03    1.418191e+11    7.819405e-22
   3.847000e+03    1.436605e+11    7.104753e-22
   3.848000e+03    1.454974e+11    6.576879e-22
   3.849000e+03    1.471887e+11    6.122581e-22
   3.850000e+03    1.485951e+11    5.805429e-22
   3.851000e+03    1.498133e+11    5.680682e-22
   3.852000e+03    1.511313e+11    5.593163e-22
   3.853000e+03    1.525089e+11    5.541358e-22
   3.854000e+03    1.540324e+11    5.588483e-22
   3.855000e+03    1.556606e+11    5.789098e-22
   3.856000e+03    1.573896e+11    6.121252e-22
   3.857000e+03    1.595703e+11    6.687518e-22
   3.858000e+03    1.621097e+11    7.651238e-22
   3.859000e+03    1.645732e+11    9.119565e-22
   3.860000e+03    1.669002e+11    1.111124e-21
   3.861000e+03    1.685197e+11    1.277300e-21
   3.862000e+03    1.693059e+11    1.341643e-21
   3.863000e+03    1.696673e+11    1.356392e-21
   3.864000e+03    1.693717e+11    1.275045e-21
   3.865000e+03    1.685529e+11    1.143824e-21
   3.866000e+03    1.676196e+11    1.090816e-21
   3.867000e+03    1.671336e+11    1.102074e-21
   3.868000e+03    1.671662e+11    1.110052e-21
   3.869000e+03    1.676877e+11    1.089673e-21
   3.870000e+03    1.684651e+11    1.084858e-21
   3.871000e+03    1.695126e+11    1.089544e-21
   3.872000e+03    1.707130e+11    1.113486e-21
   3.873000e+03    1.718622e+11    1.186997e-21
   3.874000e+03    1.729750e+11    1.372503e-21
   3.875000e+03    1.738626e+11    1.565548e-21
   3.876000e+03    1.743976e+11    1.711826e-21
   3.877000e+03    1.745441e+11    1.772744e-21
   3.878000e+03    1.745904e+11    1.815346e-21
   3.879000e+03    1.744335e+11    1.801824e-21
   3.880000e+03    1.740804e+11    1.727297e-21
   3.881000e+03    1.733621e+11    1.556546e-21
   3.882000e+03    1.722041e+11    1.316213e-21
   3.883000e+03    1.706009e+11    1.127124e-21
   3.884000e+03    1.689524e+11    1.007590e-21
   3.885000e+03    1.674110e+11    9.377985e-22
   3.886000e+03    1.672048e+11    8.019265e-22
   3.887000e+03    1.681052e+11    7.765299e-22
   3.888000e+03    1.699119e+11    8.223333e-22
   3.889000e+03    1.721039e+11    8.707013e-22
   3.890000e+03    1.747290e+11    8.991253e-22
   3.891000e+03    1.769142e+11    8.612376e-22
   3.892000e+03    1.787627e+11    7.769464e-22
   3.893000e+03    1.803819e+11    6.727474e-22
   3.894000e+03    1.817133e+11    5.488044e-22
   3.895000e+03    1.829190e+11    5.044728e-22
   3.896000e+03    1.853575e+11    4.429226e-22
   3.897000e+03    1.888238e+11    3.801994e-22
   3.898000e+03    1.933504e+11    3.464104e-22
   3.899000e+03    1.983801e+11    3.183842e-22
   3.900000e+03    2.038852e+11    2.929465e-22
   3.901000e+03    2.101504e+11    2.741556e-22
   3.902000e+03    2.170893e+11    2.587002e-22
   3.903000e+03    2.249389e+11    2.495422e-22
   3.904000e+03    2.331775e+11    2.377184e-22
   3.905000e+03    2.419788e+11    2.196885e-22
   3.906000e+03    2.507401e+11    1.959528e-22
   3.907000e+03    2.595677e+11    1.711677e-22
   3.908000e+03    2.686244e+11    1.574402e-22
   3.909000e+03    2.795408e+11    1.439842e-22
   3.910000e+03    2.920704e+11    1.341766e-22
   3.911000e+03    3.050337e+11    1.286082e-22
   3.912000e+03    3.184654e+11    1.287583e-22
   3.913000e+03    3.322160e+11    1.326432e-22
   3.914000e+03    3.474971e+11    1.316476e-22
   3.915000e+03    3.639298e+11    1.266247e-22
   3.916000e+03    3.822110e+11    1.167018e-22
   3.917000e+03    4.017275e+11    1.139219e-22
   3.918000e+03    4.220225e+11    1.156234e-22
   3.919000e+03    4.417622e+11    1.157951e-22
   3.920000e+03    4.611742e+11    1.161800e-22
   3.921000e+03    4.803583e+11    1.178900e-22
   3.922000e+03    4.993580e+11    1.184809e-22
   3.923000e+03    5.178878e+11    1.160901e-22
   3.924000e+03    5.360705e+11    1.110764e-22
   3.925000e+03    5.526281e+11    1.155375e-22
   3.926000e+03    5.674965e+11    1.201844e-22
   3.927000e+03    5.806551e+11    1.217011e-22
   3.928000e+03    5.934719e+11    1.153693e-22
   3.929000e+03    6.051152e+11    1.125033e-22
   3.930000e+03    6.155260e+11    1.128455e-22
   3.931000e+03    6.239191e+11    1.131130e-22
   3.932000e+03    6.304485e+11    1.144980e-22
   3.933000e+03    6.357221e+11    1.206816e-22
   3.934000e+03    6.402478e+11    1.221545e-22
   3.935000e+03    6.424306e+11    1.265497e-22
   3.936000e+03    6.420607e+11    1.329692e-22
   3.937000e+03    6.390836e+11    1.358657e-22
   3.938000e+03    6.340026e+11    1.374613e-22
   3.939000e+03    6.268834e+11    1.377461e-22
   3.940000e+03    6.174340e+11    1.344031e-22
   3.941000e+03    6.055990e+11    1.270422e-22
   3.942000e+03    5.914228e+11    1.163948e-22
   3.943000e+03    5.756775e+11    1.068779e-22
   3.944000e+03    5.586637e+11    1.003708e-22
   3.945000e+03    5.413322e+11    9.758956e-23
   3.946000e+03    5.243517e+11    9.898737e-23
   3.947000e+03    5.082591e+11    1.009578e-22
   3.948000e+03    4.919253e+11    1.089472e-22
   3.949000e+03    4.753914e+11    1.230110e-22
   3.950000e+03    4.592220e+11    1.391365e-22
   3.951000e+03    4.435470e+11    1.497188e-22
   3.952000e+03    4.290101e+11    1.505524e-22
   3.953000e+03    4.148653e+11    1.528924e-22
   3.954000e+03    4.013595e+11    1.589037e-22
   3.955000e+03    3.876422e+11    1.794892e-22
   3.956000e+03    3.735818e+11    1.962318e-22
   3.957000e+03    3.589778e+11    2.036934e-22
   3.958000e+03    3.444382e+11    2.066485e-22
   3.959000e+03    3.300276e+11    2.051591e-22
   3.960000e+03    3.161763e+11    2.042271e-22
   3.961000e+03    3.031269e+11    2.068939e-22
   3.962000e+03    2.912845e+11    2.190010e-22
   3.963000e+03    2.807998e+11    2.471281e-22
   3.964000e+03    2.718622e+11    2.786627e-22
   3.965000e+03    2.645668e+11    3.096234e-22
   3.966000e+03    2.587157e+11    3.429725e-22
   3.967000e+03    2.527154e+11    4.279396e-22
   3.968000e+03    2.465501e+11    5.150419e-22
   3.969000e+03    2.402029e+11    5.942846e-22
   3.970000e+03    2.341164e+11    6.819677e-22
   3.971000e+03    2.282297e+11    7.737689e-22
   3.972000e+03    2.224824e+11    8.598831e-22
   3.973000e+03    2.166888e+11    9.135586e-22
   3.974000e+03    2.109155e+11    9.324497e-22
   3.975000e+03    2.053418e+11    9.367092e-22
   3.976000e+03    1.999629e+11    9.296754e-22
   3.977000e+03    1.947426e+11    9.133016e-22
   3.978000e+03    1.897121e+11    8.973703e-22
   3.979000e+03    1.849206e+11    8.935686e-22
   3.980000e+03    1.804293e+11    9.130266e-22
   3.981000e+03    1.762836e+11    9.676211e-22
   3.982000e+03    1.725375e+11    1.070032e-21
   3.983000e+03    1.692319e+11    1.171545e-21
   3.984000e+03    1.662238e+11    1.306998e-21
   3.985000e+03    1.633510e+11    1.556909e-21
   3.986000e+03    1.606428e+11    1.910572e-21
   3.987000e+03    1.576535e+11    2.211190e-21
   3.988000e+03    1.540047e+11    2.208988e-21
   3.989000e+03    1.502453e+11    2.103642e-21
   3.990000e+03    1.467901e+11    2.062457e-21
   3.991000e+03    1.436868e+11    0.000000e+00
   3.992000e+03    1.408093e+11    0.000000e+00
   3.993000e+03    1.380972e+11    0.000000e+00
   3.994000e+03    1.353758e+11    0.000000e+00
   3.995000e+03    1.324888e+11    0.000000e+00
   3.996000e+03    1.293415e+11    0.000000e+00
   3.997000e+03    1.264062e+11    0.000000e+00
   3.998000e+03    1.239722e+11    0.000000e+00
   3.999000e+03    1.218444e+11    0.000000e+00
   4.000000e+03    1.201026e+11    0.000000e+00
   4.001000e+03    1.188374e+11    0.000000e+00
   4.002000e+03    1.179999e+11    0.000000e+00
   4.003000e+03    1.175477e+11    0.000000e+00
   4.004000e+03    1.173831e+11    0.000000e+00
   4.005000e+03    1.173487e+11    0.000000e+00
   4.006000e+03    1.173834e+11    0.000000e+00
   4.007000e+03    1.172845e+11    0.000000e+00
   4.008000e+03    1.172599e+11    0.000000e+00
   4.009000e+03    1.174720e+11    0.000000e+00
   4.010000e+03    1.179703e+11    0.000000e+00
   4.011000e+03    1.186591e+11    0.000000e+00
   4.012000e+03    1.195689e+11    0.000000e+00
   4.013000e+03    1.204785e+11    0.000000e+00
   4.014000e+03    1.212735e+11    0.000000e+00
   4.015000e+03    1.218555e+11    0.000000e+00
   4.016000e+03    1.222107e+11    0.000000e+00
   4.017000e+03    1.223163e+11    0.000000e+00
   4.018000e+03    1.221929e+11    0.000000e+00
   4.019000e+03    1.218995e+11    0.000000e+00
   4.020000e+03    1.214520e+11    0.000000e+00
   4.021000e+03    1.210364e+11    0.000000e+00
   4.022000e+03    1.206610e+11    0.000000e+00
   4.023000e+03    1.201806e+11    0.000000e+00
   4.024000e+03    1.195773e+11    0.000000e+00
   4.025000e+03    1.187772e+11    0.000000e+00
   4.026000e+03    1.178654e+11    0.000000e+00
   4.027000e+03    1.167990e+11    0.000000e+00
   4.028000e+03    1.153760e+11    0.000000e+00
   4.029000e+03    1.136730e+11    0.000000e+00
   4.030000e+03    1.118438e+11    0.000000e+00
   4.031000e+03    1.100209e+11    0.000000e+00
   4.032000e+03    1.081466e+11    0.000000e+00
   4.033000e+03    1.062136e+11    0.000000e+00
   4.034000e+03    1.042611e+11    0.000000e+00
   4.035000e+03    1.023910e+11    0.000000e+00
   4.036000e+03    1.006528e+11    0.000000e+00
   4.037000e+03    9.907406e+10    0.000000e+00
   4.038000e+03    9.771098e+10    0.000000e+00
   4.039000e+03    9.647431e+10    0.000000e+00
   4.040000e+03    9.516310e+10    0.000000e+00
   4.041000e+03    9.376010e+10    0.000000e+00
   4.042000e+03    9.232209e+10    0.000000e+00
   4.043000e+03    9.083708e+10    0.000000e+00
   4.044000e+03    8.945537e+10    0.000000e+00
   4.045000e+03    8.836472e+10    0.000000e+00
   4.046000e+03    8.765886e+10    0.000000e+00
   4.047000e+03    8.711761e+10    0.000000e+00
   4.048000e+03    8.667442e+10    0.000000e+00
   4.049000e+03    8.619323e+10    0.000000e+00
   4.050000e+03    8.558472e+10    0.000000e+00
   4.051000e+03    8.487283e+10    0.000000e+00
   4.052000e+03    8.423359e+10    0.000000e+00
   4.053000e+03    8.367148e+10    0.000000e+00
   4.054000e+03    8.326109e+10    0.000000e+00
   4.055000e+03    8.302646e+10    0.000000e+00
   4.056000e+03    8.290444e+10    0.000000e+00
   4.057000e+03    8.286439e+10    0.000000e+00
   4.058000e+03    8.294832e+10    0.000000e+00
   4.059000e+03    8.328813e+10    0.000000e+00
   4.060000e+03    8.373314e+10    0.000000e+00
   4.061000e+03    8.425523e+10    0.000000e+00
   4.062000e+03    8.495603e+10    0.000000e+00
   4.063000e+03    8.580139e+10    0.000000e+00
   4.064000e+03    8.670959e+10    0.000000e+00
   4.065000e+03    8.752322e+10    0.000000e+00
   4.066000e+03    8.821461e+10    0.000000e+00
   4.067000e+03    8.908293e+10    0.000000e+00
   4.068000e+03    9.013598e+10    0.000000e+00
   4.069000e+03    9.117620e+10    0.000000e+00
   4.070000e+03    9.205649e+10    0.000000e+00
   4.071000e+03    9.278782e+10    0.000000e+00
   4.072000e+03    9.322635e+10    0.000000e+00
   4.073000e+03    9.340880e+10    0.000000e+00
   4.074000e+03    9.366958e+10    0.000000e+00
   4.075000e+03    9.400592e+10    0.000000e+00
   4.076000e+03    9.439471e+10    0.000000e+00
   4.077000e+03    9.486337e+10    0.000000e+00
   4.078000e+03    9.528938e+10    0.000000e+00
   4.079000e+03    9.563270e+10    0.000000e+00
   4.080000e+03    9.586428e+10    0.000000e+00
   4.081000e+03    9.594957e+10    0.000000e+00
   4.082000e+03    9.571940e+10    0.000000e+00
   4.083000e+03    9.525606e+10    0.000000e+00
   4.084000e+03    9.462505e+10    0.000000e+00
   4.085000e+03    9.403231e+10    0.000000e+00
   4.086000e+03    9.356976e+10    0.000000e+00
   4.087000e+03    9.328262e+10    0.000000e+00
   4.088000e+03    9.326872e+10    0.000000e+00
   4.089000e+03    9.353604e+10    0.000000e+00
   4.090000e+03    9.405049e+10    0.000000e+00
   4.091000e+03    9.469228e+10    0.000000e+00
   4.092000e+03    9.537372e+10    0.000000e+00
   4.093000e+03    9.596837e+10    0.000000e+00
   4.094000e+03    9.647126e+10    0.000000e+00
   4.095000e+03    9.693080e+10    0.000000e+00
   4.096000e+03    9.736016e+10    0.000000e+00
   4.097000e+03    9.788627e+10    0.000000e+00
   4.098000e+03    9.854818e+10    0.000000e+00
   4.099000e+03    9.929403e+10    0.000000e+00
   4.100000e+03    1.000540e+11    3.414173e-21
   4.101000e+03    1.007715e+11    3.487147e-21
   4.102000e+03    1.014333e+11    3.505119e-21
   4.103000e+03    1.021415e+11    3.564496e-21
   4.104000e+03    1.029624e+11    3.741813e-21
   4.105000e+03    1.038298e+11    4.006002e-21
   4.106000e+03    1.045378e+11    4.157903e-21
   4.107000e+03    1.050005e+11    4.083467e-21
   4.108000e+03    1.052630e+11    3.831616e-21
   4.109000e+03    1.053019e+11    3.417635e-21
   4.110000e+03    1.051782e+11    2.947608e-21
   4.111000e+03    1.053641e+11    2.716342e-21
   4.112000e+03    1.061236e+11    2.668793e-21
   4.113000e+03    1.071469e+11    2.705677e-21
   4.114000e+03    1.083628e+11    2.825100e-21
   4.115000e+03    1.097421e+11    3.031276e-21
   4.116000e+03    1.110543e+11    3.198310e-21
   4.117000e+03    1.122326e+11    3.219537e-21
   4.118000e+03    1.132694e+11    3.080882e-21
   4.119000e+03    1.142429e+11    2.855451e-21
   4.120000e+03    1.151707e+11    2.579603e-21
   4.121000e+03    1.162796e+11    2.381225e-21
   4.122000e+03    1.176407e+11    2.272066e-21
   4.123000e+03    1.193124e+11    2.257127e-21
   4.124000e+03    1.213437e+11    2.249898e-21
   4.125000e+03    1.237394e+11    2.293121e-21
   4.126000e+03    1.264475e+11    2.395205e-21
   4.127000e+03    1.292855e+11    2.607079e-21
   4.128000e+03    1.321780e+11    2.891318e-21
   4.129000e+03    1.349784e+11    3.149591e-21
   4.130000e+03    1.376225e+11    3.339001e-21
   4.131000e+03    1.400909e+11    3.432474e-21
   4.132000e+03    1.424960e+11    3.507406e-21
   4.133000e+03    1.447959e+11    3.532091e-21
   4.134000e+03    1.470064e+11    3.525766e-21
   4.135000e+03    1.492513e+11    3.601505e-21
   4.136000e+03    1.514906e+11    3.751971e-21
   4.137000e+03    1.536472e+11    3.944089e-21
   4.138000e+03    1.556766e+11    4.172019e-21
   4.139000e+03    1.575365e+11    4.426123e-21
   4.140000e+03    1.591193e+11    4.608039e-21
   4.141000e+03    1.604512e+11    4.763114e-21
   4.142000e+03    1.615149e+11    4.884458e-21
   4.143000e+03    1.623426e+11    5.029597e-21
   4.144000e+03    1.628677e+11    5.106570e-21
   4.145000e+03    1.629878e+11    4.960554e-21
   4.146000e+03    1.626960e+11    4.602080e-21
   4.147000e+03    1.621916e+11    4.306936e-21
   4.148000e+03    1.617496e+11    4.354239e-21
   4.149000e+03    1.614021e+11    4.798857e-21
   4.150000e+03    1.608893e+11    5.408068e-21
   4.151000e+03    1.599573e+11    5.783247e-21
   4.152000e+03    1.586218e+11    5.851008e-21
   4.153000e+03    1.568723e+11    5.557490e-21
   4.154000e+03    1.546844e+11    4.925078e-21
   4.155000e+03    1.522630e+11    4.325204e-21
   4.156000e+03    1.497687e+11    3.906922e-21
   4.157000e+03    1.472338e+11    3.627096e-21
   4.158000e+03    1.446298e+11    3.413317e-21
   4.159000e+03    1.419594e+11    3.240962e-21
   4.160000e+03    1.392781e+11    3.132511e-21
   4.161000e+03    1.366328e+11    3.101171e-21
   4.162000e+03    1.340794e+11    3.056793e-21
   4.163000e+03    1.315411e+11    3.105782e-21
   4.164000e+03    1.290182e+11    3.191678e-21
   4.165000e+03    1.265018e+11    3.286927e-21
   4.166000e+03    1.239257e+11    3.333753e-21
   4.167000e+03    1.212737e+11    3.305239e-21
   4.168000e+03    1.186236e+11    3.241422e-21
   4.169000e+03    1.161430e+11    3.245130e-21
   4.170000e+03    1.138930e+11    3.347980e-21
   4.171000e+03    1.118078e+11    3.502297e-21
   4.172000e+03    1.097508e+11    3.592567e-21
   4.173000e+03    1.077068e+11    3.596711e-21
   4.174000e+03    1.057291e+11    3.562645e-21
   4.175000e+03    1.038420e+11    3.511970e-21
   4.176000e+03    1.020092e+11    3.412465e-21
   4.177000e+03    1.002918e+11    3.312828e-21
   4.178000e+03    9.870405e+10    3.222488e-21
   4.179000e+03    9.737330e+10    3.232609e-21
   4.180000e+03    9.628977e+10    3.337341e-21
   4.181000e+03    9.543504e+10    3.535734e-21
   4.182000e+03    9.465427e+10    3.704928e-21
   4.183000e+03    9.396397e+10    3.855728e-21
   4.184000e+03    9.346853e+10    4.095384e-21
   4.185000e+03    9.318186e+10    4.471435e-21
   4.186000e+03    9.304651e+10    4.968516e-21
   4.187000e+03    9.289599e+10    5.380009e-21
   4.188000e+03    9.269337e+10    5.612920e-21
   4.189000e+03    9.246550e+10    5.684518e-21
   4.190000e+03    9.230297e+10    5.746415e-21
   4.191000e+03    9.220575e+10    5.806755e-21
   4.192000e+03    9.220027e+10    5.929413e-21
   4.193000e+03    9.233287e+10    6.229721e-21
   4.194000e+03    9.254827e+10    6.647866e-21
   4.195000e+03    9.275526e+10    7.017889e-21
   4.196000e+03    9.293111e+10    7.289777e-21
   4.197000e+03    9.308959e+10    7.500349e-21
   4.198000e+03    9.325177e+10    7.717509e-21
   4.199000e+03    9.341020e+10    7.928701e-21
   4.200000e+03    9.357187e+10    8.158020e-21
