oname Sphere1d-yp_ix1_iy0
data in W/cm2/sr/eV
   3.600000e+03    1.324603e+11    0.000000e+00
   3.601000e+03    1.324416e+11    0.000000e+00
   3.602000e+03    1.328132e+11    0.000000e+00
   3.603000e+03    1.334792e+11    0.000000e+00
   3.604000e+03    1.339664e+11    0.000000e+00
   3.605000e+03    1.342059e+11    0.000000e+00
   3.606000e+03    1.341214e+11    0.000000e+00
   3.607000e+03    1.337444e+11    0.000000e+00
   3.608000e+03    1.330810e+11    0.000000e+00
   3.609000e+03    1.321859e+11    0.000000e+00
   3.610000e+03    1.312431e+11    0.000000e+00
   3.611000e+03    1.302748e+11    0.000000e+00
   3.612000e+03    1.293090e+11    0.000000e+00
   3.613000e+03    1.283635e+11    0.000000e+00
   3.614000e+03    1.274855e+11    0.000000e+00
   3.615000e+03    1.268151e+11    0.000000e+00
   3.616000e+03    1.263505e+11    0.000000e+00
   3.617000e+03    1.261509e+11    0.000000e+00
   3.618000e+03    1.260322e+11    0.000000e+00
   3.619000e+03    1.257636e+11    0.000000e+00
   3.620000e+03    1.253246e+11    0.000000e+00
   3.621000e+03    1.246007e+11    0.000000e+00
   3.622000e+03    1.238141e+11    0.000000e+00
   3.623000e+03    1.230448e+11    0.000000e+00
   3.624000e+03    1.224457e+11    0.000000e+00
   3.625000e+03    1.220464e+11    0.000000e+00
   3.626000e+03    1.217723e+11    0.000000e+00
   3.627000e+03    1.214221e+11    0.000000e+00
   3.628000e+03    1.211771e+11    0.000000e+00
   3.629000e+03    1.215923e+11    0.000000e+00
   3.630000e+03    1.225148e+11    0.000000e+00
   3.631000e+03    1.235350e+11    0.000000e+00
   3.632000e+03    1.245818e+11    0.000000e+00
   3.633000e+03    1.254309e+11    0.000000e+00
   3.634000e+03    1.262023e+11    0.000000e+00
   3.635000e+03    1.271647e+11    0.000000e+00
   3.636000e+03    1.283507e+11    0.000000e+00
   3.637000e+03    1.297795e+11    0.000000e+00
   3.638000e+03    1.314367e+11    0.000000e+00
   3.639000e+03    1.331870e+11    0.000000e+00
   3.640000e+03    1.348314e+11    0.000000e+00
   3.641000e+03    1.359897e+11    0.000000e+00
   3.642000e+03    1.364947e+11    0.000000e+00
   3.643000e+03    1.367434e+11    0.000000e+00
   3.644000e+03    1.370529e+11    0.000000e+00
   3.645000e+03    1.374946e+11    2.005432e-21
   3.646000e+03    1.380198e+11    1.898684e-21
   3.647000e+03    1.387322e+11    1.868835e-21
   3.648000e+03    1.397092e+11    1.931853e-21
   3.649000e+03    1.408640e+11    2.049561e-21
   3.650000e+03    1.421514e+11    2.152046e-21
   3.651000e+03    1.434799e+11    2.180685e-21
   3.652000e+03    1.448456e+11    2.102820e-21
   3.653000e+03    1.461839e+11    1.911629e-21
   3.654000e+03    1.475527e+11    1.748310e-21
   3.655000e+03    1.490835e+11    1.569015e-21
   3.656000e+03    1.505205e+11    1.323773e-21
   3.657000e+03    1.518785e+11    1.058705e-21
   3.658000e+03    1.534102e+11    8.354370e-22
   3.659000e+03    1.553775e+11    6.778387e-22
   3.660000e+03    1.580190e+11    5.803332e-22
   3.661000e+03    1.616817e+11    5.096471e-22
   3.662000e+03    1.664991e+11    4.661390e-22
   3.663000e+03    1.719279e+11    4.410491e-22
   3.664000e+03    1.777894e+11    4.380173e-22
   3.665000e+03    1.847315e+11    4.320411e-22
   3.666000e+03    1.927772e+11    4.223030e-22
   3.667000e+03    2.018071e+11    4.125432e-22
   3.668000e+03    2.113206e+11    4.184235e-22
   3.669000e+03    2.211841e+11    4.411515e-22
   3.670000e+03    2.319642e+11    4.463764e-22
   3.671000e+03    2.432894e+11    4.626295e-22
   3.672000e+03    2.548437e+11    4.871693e-22
   3.673000e+03    2.665332e+11    5.222834e-22
   3.674000e+03    2.782644e+11    5.714867e-22
   3.675000e+03    2.896882e+11    6.241341e-22
   3.676000e+03    3.002725e+11    6.516177e-22
   3.677000e+03    3.100127e+11    6.572108e-22
   3.678000e+03    3.188382e+11    6.439908e-22
   3.679000e+03    3.268181e+11    6.412579e-22
   3.680000e+03    3.342220e+11    6.622487e-22
   3.681000e+03    3.414569e+11    6.986093e-22
   3.682000e+03    3.484361e+11    8.002696e-22
   3.683000e+03    3.547909e+11    9.759710e-22
   3.684000e+03    3.597964e+11    1.179052e-21
   3.685000e+03    3.630279e+11    1.323640e-21
   3.686000e+03    3.645179e+11    1.369686e-21
   3.687000e+03    3.642999e+11    1.306645e-21
   3.688000e+03    3.623981e+11    1.160331e-21
   3.689000e+03    3.592389e+11    1.024133e-21
   3.690000e+03    3.550885e+11    9.228351e-22
   3.691000e+03    3.498843e+11    8.346583e-22
   3.692000e+03    3.438026e+11    7.675957e-22
   3.693000e+03    3.366422e+11    6.964535e-22
   3.694000e+03    3.283445e+11    6.162533e-22
   3.695000e+03    3.191953e+11    5.601145e-22
   3.696000e+03    3.098249e+11    5.193456e-22
   3.697000e+03    3.004397e+11    5.063930e-22
   3.698000e+03    2.911274e+11    5.167976e-22
   3.699000e+03    2.818794e+11    5.358799e-22
   3.700000e+03    2.723132e+11    5.676439e-22
   3.701000e+03    2.623413e+11    6.077497e-22
   3.702000e+03    2.523843e+11    6.404776e-22
   3.703000e+03    2.429071e+11    6.336595e-22
   3.704000e+03    2.334946e+11    6.244647e-22
   3.705000e+03    2.241222e+11    6.231948e-22
   3.706000e+03    2.148947e+11    6.340986e-22
   3.707000e+03    2.062985e+11    6.388441e-22
   3.708000e+03    1.985242e+11    6.290155e-22
   3.709000e+03    1.907888e+11    6.544433e-22
   3.710000e+03    1.831077e+11    6.773054e-22
   3.711000e+03    1.757682e+11    7.084341e-22
   3.712000e+03    1.688264e+11    7.387833e-22
   3.713000e+03    1.621459e+11    7.402681e-22
   3.714000e+03    1.558708e+11    7.126489e-22
   3.715000e+03    1.503326e+11    7.149801e-22
   3.716000e+03    1.455415e+11    7.480385e-22
   3.717000e+03    1.415053e+11    8.186170e-22
   3.718000e+03    1.383330e+11    9.153409e-22
   3.719000e+03    1.358368e+11    1.025724e-21
   3.720000e+03    1.335763e+11    1.200132e-21
   3.721000e+03    1.312971e+11    0.000000e+00
   3.722000e+03    1.286159e+11    0.000000e+00
   3.723000e+03    1.258801e+11    0.000000e+00
   3.724000e+03    1.234699e+11    0.000000e+00
   3.725000e+03    1.214409e+11    0.000000e+00
   3.726000e+03    1.198656e+11    0.000000e+00
   3.727000e+03    1.188828e+11    0.000000e+00
   3.728000e+03    1.181385e+11    0.000000e+00
   3.729000e+03    1.173979e+11    0.000000e+00
   3.730000e+03    1.167240e+11    0.000000e+00
   3.731000e+03    1.161367e+11    0.000000e+00
   3.732000e+03    1.158323e+11    0.000000e+00
   3.733000e+03    1.158173e+11    0.000000e+00
   3.734000e+03    1.161505e+11    0.000000e+00
   3.735000e+03    1.164950e+11    0.000000e+00
   3.736000e+03    1.168401e+11    0.000000e+00
   3.737000e+03    1.169261e+11    0.000000e+00
   3.738000e+03    1.165231e+11    0.000000e+00
   3.739000e+03    1.157745e+11    0.000000e+00
   3.740000e+03    1.147106e+11    0.000000e+00
   3.741000e+03    1.135530e+11    0.000000e+00
   3.742000e+03    1.124004e+11    0.000000e+00
   3.743000e+03    1.113673e+11    0.000000e+00
   3.744000e+03    1.104085e+11    0.000000e+00
   3.745000e+03    1.094680e+11    0.000000e+00
   3.746000e+03    1.086235e+11    0.000000e+00
   3.747000e+03    1.079712e+11    0.000000e+00
   3.748000e+03    1.075643e+11    0.000000e+00
   3.749000e+03    1.073697e+11    0.000000e+00
   3.750000e+03    1.073517e+11    0.000000e+00
   3.751000e+03    1.074367e+11    0.000000e+00
   3.752000e+03    1.075216e+11    0.000000e+00
   3.753000e+03    1.074835e+11    0.000000e+00
   3.754000e+03    1.073279e+11    0.000000e+00
   3.755000e+03    1.070578e+11    0.000000e+00
   3.756000e+03    1.066965e+11    0.000000e+00
   3.757000e+03    1.063252e+11    0.000000e+00
   3.758000e+03    1.059775e+11    0.000000e+00
   3.759000e+03    1.056041e+11    0.000000e+00
   3.760000e+03    1.052573e+11    0.000000e+00
   3.761000e+03    1.049422e+11    0.000000e+00
   3.762000e+03    1.046527e+11    0.000000e+00
   3.763000e+03    1.044910e+11    0.000000e+00
   3.764000e+03    1.044845e+11    0.000000e+00
   3.765000e+03    1.046962e+11    0.000000e+00
   3.766000e+03    1.049937e+11    0.000000e+00
   3.767000e+03    1.052491e+11    0.000000e+00
   3.768000e+03    1.054274e+11    0.000000e+00
   3.769000e+03    1.054535e+11    0.000000e+00
   3.770000e+03    1.051395e+11    0.000000e+00
   3.771000e+03    1.046255e+11    0.000000e+00
   3.772000e+03    1.042206e+11    0.000000e+00
   3.773000e+03    1.039960e+11    0.000000e+00
   3.774000e+03    1.039905e+11    0.000000e+00
   3.775000e+03    1.039927e+11    0.000000e+00
   3.776000e+03    1.038696e+11    0.000000e+00
   3.777000e+03    1.036928e+11    0.000000e+00
   3.778000e+03    1.035190e+11    0.000000e+00
   3.779000e+03    1.033678e+11    0.000000e+00
   3.780000e+03    1.032489e+11    0.000000e+00
   3.781000e+03    1.031068e+11    0.000000e+00
   3.782000e+03    1.028338e+11    0.000000e+00
   3.783000e+03    1.024279e+11    0.000000e+00
   3.784000e+03    1.019722e+11    0.000000e+00
   3.785000e+03    1.014144e+11    0.000000e+00
   3.786000e+03    1.006782e+11    0.000000e+00
   3.787000e+03    9.983569e+10    0.000000e+00
   3.788000e+03    9.892571e+10    0.000000e+00
   3.789000e+03    9.796062e+10    0.000000e+00
   3.790000e+03    9.697124e+10    0.000000e+00
   3.791000e+03    9.597435e+10    0.000000e+00
   3.792000e+03    9.483765e+10    0.000000e+00
   3.793000e+03    9.359929e+10    0.000000e+00
   3.794000e+03    9.238858e+10    0.000000e+00
   3.795000e+03    9.127700e+10    0.000000e+00
   3.796000e+03    9.030326e+10    0.000000e+00
   3.797000e+03    8.950978e+10    0.000000e+00
   3.798000e+03    8.891529e+10    0.000000e+00
   3.799000e+03    8.840836e+10    0.000000e+00
   3.800000e+03    8.801338e+10    0.000000e+00
   3.801000e+03    8.776425e+10    0.000000e+00
   3.802000e+03    8.761679e+10    0.000000e+00
   3.803000e+03    8.753763e+10    0.000000e+00
   3.804000e+03    8.741511e+10    0.000000e+00
   3.805000e+03    8.731171e+10    0.000000e+00
   3.806000e+03    8.736291e+10    0.000000e+00
   3.807000e+03    8.752949e+10    0.000000e+00
   3.808000e+03    8.777519e+10    0.000000e+00
   3.809000e+03    8.827758e+10    0.000000e+00
   3.810000e+03    8.907239e+10    0.000000e+00
   3.811000e+03    9.001318e+10    0.000000e+00
   3.812000e+03    9.100238e+10    0.000000e+00
   3.813000e+03    9.187735e+10    0.000000e+00
   3.814000e+03    9.258760e+10    0.000000e+00
   3.815000e+03    9.321251e+10    0.000000e+00
   3.816000e+03    9.382903e+10    0.000000e+00
   3.817000e+03    9.433752e+10    0.000000e+00
   3.818000e+03    9.470538e+10    0.000000e+00
   3.819000e+03    9.495158e+10    0.000000e+00
   3.820000e+03    9.506613e+10    0.000000e+00
   3.821000e+03    9.505845e+10    0.000000e+00
   3.822000e+03    9.510866e+10    0.000000e+00
   3.823000e+03    9.524783e+10    0.000000e+00
   3.824000e+03    9.546635e+10    0.000000e+00
   3.825000e+03    9.578038e+10    0.000000e+00
   3.826000e+03    9.608676e+10    0.000000e+00
   3.827000e+03    9.627042e+10    0.000000e+00
   3.828000e+03    9.636411e+10    0.000000e+00
   3.829000e+03    9.643011e+10    0.000000e+00
   3.830000e+03    9.649716e+10    0.000000e+00
   3.831000e+03    9.677749e+10    0.000000e+00
   3.832000e+03    9.728239e+10    0.000000e+00
   3.833000e+03    9.789099e+10    0.000000e+00
   3.834000e+03    9.857359e+10    0.000000e+00
   3.835000e+03    9.937152e+10    0.000000e+00
   3.836000e+03    1.003073e+11    0.000000e+00
   3.837000e+03    1.013501e+11    0.000000e+00
   3.838000e+03    1.024047e+11    0.000000e+00
   3.839000e+03    1.033832e+11    0.000000e+00
   3.840000e+03    1.043137e+11    5.478831e-21
   3.841000e+03    1.052336e+11    5.420092e-21
   3.842000e+03    1.061744e+11    5.330279e-21
   3.843000e+03    1.071002e+11    5.150325e-21
   3.844000e+03    1.079432e+11    4.793203e-21
   3.845000e+03    1.087422e+11    4.346952e-21
   3.846000e+03    1.095142e+11    3.873137e-21
   3.847000e+03    1.104822e+11    3.573710e-21
   3.848000e+03    1.117232e+11    3.471629e-21
   3.849000e+03    1.131721e+11    3.489184e-21
   3.850000e+03    1.146786e+11    3.502974e-21
   3.851000e+03    1.162181e+11    3.488981e-21
   3.852000e+03    1.177109e+11    3.380758e-21
   3.853000e+03    1.191680e+11    3.199064e-21
   3.854000e+03    1.205805e+11    2.957912e-21
   3.855000e+03    1.219182e+11    2.768105e-21
   3.856000e+03    1.232685e+11    2.692926e-21
   3.857000e+03    1.249562e+11    2.555839e-21
   3.858000e+03    1.269243e+11    2.398766e-21
   3.859000e+03    1.291031e+11    2.309299e-21
   3.860000e+03    1.314748e+11    2.303484e-21
   3.861000e+03    1.338993e+11    2.324581e-21
   3.862000e+03    1.363888e+11    2.390838e-21
   3.863000e+03    1.388926e+11    2.495827e-21
   3.864000e+03    1.413043e+11    2.604647e-21
   3.865000e+03    1.436086e+11    2.726420e-21
   3.866000e+03    1.459030e+11    2.937204e-21
   3.867000e+03    1.480835e+11    3.186459e-21
   3.868000e+03    1.501309e+11    3.425821e-21
   3.869000e+03    1.520396e+11    3.644255e-21
   3.870000e+03    1.537467e+11    3.833026e-21
   3.871000e+03    1.552471e+11    3.930437e-21
   3.872000e+03    1.565498e+11    3.942403e-21
   3.873000e+03    1.576772e+11    3.897103e-21
   3.874000e+03    1.585017e+11    3.687968e-21
   3.875000e+03    1.589520e+11    3.298477e-21
   3.876000e+03    1.590142e+11    2.805781e-21
   3.877000e+03    1.587570e+11    2.323340e-21
   3.878000e+03    1.583359e+11    1.935865e-21
   3.879000e+03    1.577410e+11    1.690096e-21
   3.880000e+03    1.570285e+11    1.532833e-21
   3.881000e+03    1.564967e+11    1.378612e-21
   3.882000e+03    1.562635e+11    1.251204e-21
   3.883000e+03    1.564268e+11    1.160941e-21
   3.884000e+03    1.573145e+11    1.176326e-21
   3.885000e+03    1.587734e+11    1.287980e-21
   3.886000e+03    1.601218e+11    1.383214e-21
   3.887000e+03    1.613350e+11    1.436583e-21
   3.888000e+03    1.624112e+11    1.430091e-21
   3.889000e+03    1.632574e+11    1.338126e-21
   3.890000e+03    1.639625e+11    1.192688e-21
   3.891000e+03    1.648750e+11    1.063165e-21
   3.892000e+03    1.660709e+11    9.541417e-22
   3.893000e+03    1.676284e+11    8.666557e-22
   3.894000e+03    1.693073e+11    7.512658e-22
   3.895000e+03    1.712756e+11    6.218880e-22
   3.896000e+03    1.736700e+11    5.314330e-22
   3.897000e+03    1.765041e+11    4.710536e-22
   3.898000e+03    1.798566e+11    4.370010e-22
   3.899000e+03    1.838307e+11    4.162685e-22
   3.900000e+03    1.884307e+11    4.060522e-22
   3.901000e+03    1.939706e+11    3.895869e-22
   3.902000e+03    2.003150e+11    3.815696e-22
   3.903000e+03    2.073880e+11    3.832597e-22
   3.904000e+03    2.150593e+11    3.898989e-22
   3.905000e+03    2.232066e+11    3.971829e-22
   3.906000e+03    2.315553e+11    3.967136e-22
   3.907000e+03    2.401040e+11    3.889661e-22
   3.908000e+03    2.488482e+11    3.752702e-22
   3.909000e+03    2.578922e+11    3.609071e-22
   3.910000e+03    2.671980e+11    3.466418e-22
   3.911000e+03    2.770135e+11    3.400094e-22
   3.912000e+03    2.872052e+11    3.386841e-22
   3.913000e+03    2.977296e+11    3.428345e-22
   3.914000e+03    3.077575e+11    3.332782e-22
   3.915000e+03    3.173958e+11    3.337284e-22
   3.916000e+03    3.281499e+11    3.378104e-22
   3.917000e+03    3.397382e+11    3.685210e-22
   3.918000e+03    3.519753e+11    4.202904e-22
   3.919000e+03    3.639275e+11    4.610961e-22
   3.920000e+03    3.753845e+11    4.978803e-22
   3.921000e+03    3.864205e+11    5.373851e-22
   3.922000e+03    3.970209e+11    5.857908e-22
   3.923000e+03    4.068165e+11    6.168712e-22
   3.924000e+03    4.156005e+11    6.095199e-22
   3.925000e+03    4.236734e+11    5.838413e-22
   3.926000e+03    4.307566e+11    5.313057e-22
   3.927000e+03    4.368917e+11    4.710032e-22
   3.928000e+03    4.425772e+11    4.281986e-22
   3.929000e+03    4.478366e+11    3.988118e-22
   3.930000e+03    4.526161e+11    3.696802e-22
   3.931000e+03    4.573064e+11    3.390262e-22
   3.932000e+03    4.615072e+11    3.157926e-22
   3.933000e+03    4.651521e+11    2.972581e-22
   3.934000e+03    4.684507e+11    2.877627e-22
   3.935000e+03    4.713352e+11    2.860166e-22
   3.936000e+03    4.741516e+11    2.972703e-22
   3.937000e+03    4.768529e+11    3.141915e-22
   3.938000e+03    4.793235e+11    3.365731e-22
   3.939000e+03    4.815360e+11    3.621614e-22
   3.940000e+03    4.828727e+11    4.014185e-22
   3.941000e+03    4.831107e+11    4.375101e-22
   3.942000e+03    4.822123e+11    4.617002e-22
   3.943000e+03    4.802777e+11    4.749676e-22
   3.944000e+03    4.773676e+11    4.793557e-22
   3.945000e+03    4.736143e+11    4.806465e-22
   3.946000e+03    4.689606e+11    4.773770e-22
   3.947000e+03    4.635459e+11    4.762483e-22
   3.948000e+03    4.575254e+11    4.836447e-22
   3.949000e+03    4.510677e+11    5.072435e-22
   3.950000e+03    4.437005e+11    5.262003e-22
   3.951000e+03    4.353301e+11    5.324485e-22
   3.952000e+03    4.259687e+11    5.240606e-22
   3.953000e+03    4.166220e+11    5.492106e-22
   3.954000e+03    4.076427e+11    5.729550e-22
   3.955000e+03    3.976794e+11    6.204013e-22
   3.956000e+03    3.866378e+11    6.354403e-22
   3.957000e+03    3.744015e+11    6.026902e-22
   3.958000e+03    3.619402e+11    5.788231e-22
   3.959000e+03    3.493848e+11    5.648742e-22
   3.960000e+03    3.365278e+11    5.453350e-22
   3.961000e+03    3.234773e+11    5.231876e-22
   3.962000e+03    3.101997e+11    4.948897e-22
   3.963000e+03    2.971058e+11    4.762663e-22
   3.964000e+03    2.843207e+11    4.683463e-22
   3.965000e+03    2.720221e+11    4.752744e-22
   3.966000e+03    2.603315e+11    4.935615e-22
   3.967000e+03    2.491507e+11    5.113840e-22
   3.968000e+03    2.384571e+11    5.193477e-22
   3.969000e+03    2.282211e+11    5.248669e-22
   3.970000e+03    2.179313e+11    5.353375e-22
   3.971000e+03    2.077660e+11    5.316647e-22
   3.972000e+03    1.982744e+11    5.494124e-22
   3.973000e+03    1.897128e+11    5.910329e-22
   3.974000e+03    1.819911e+11    6.545244e-22
   3.975000e+03    1.747918e+11    7.179255e-22
   3.976000e+03    1.680608e+11    7.770027e-22
   3.977000e+03    1.617501e+11    8.314372e-22
   3.978000e+03    1.559110e+11    8.896393e-22
   3.979000e+03    1.505402e+11    9.517593e-22
   3.980000e+03    1.456190e+11    1.018564e-21
   3.981000e+03    1.411772e+11    1.099231e-21
   3.982000e+03    1.370692e+11    1.179927e-21
   3.983000e+03    1.330818e+11    1.224927e-21
   3.984000e+03    1.293559e+11    1.254909e-21
   3.985000e+03    1.260728e+11    1.305101e-21
   3.986000e+03    1.232977e+11    1.396367e-21
   3.987000e+03    1.208493e+11    1.503795e-21
   3.988000e+03    1.185661e+11    1.596699e-21
   3.989000e+03    1.165157e+11    1.696750e-21
   3.990000e+03    1.147311e+11    1.830014e-21
   3.991000e+03    1.131654e+11    0.000000e+00
   3.992000e+03    1.118194e+11    0.000000e+00
   3.993000e+03    1.106962e+11    0.000000e+00
   3.994000e+03    1.097107e+11    0.000000e+00
   3.995000e+03    1.087404e+11    0.000000e+00
   3.996000e+03    1.076871e+11    0.000000e+00
   3.997000e+03    1.064629e+11    0.000000e+00
   3.998000e+03    1.050365e+11    0.000000e+00
   3.999000e+03    1.036604e+11    0.000000e+00
   4.000000e+03    1.025221e+11    0.000000e+00
   4.001000e+03    1.017010e+11    0.000000e+00
   4.002000e+03    1.007227e+11    0.000000e+00
   4.003000e+03    9.939884e+10    0.000000e+00
   4.004000e+03    9.789084e+10    0.000000e+00
   4.005000e+03    9.623867e+10    0.000000e+00
   4.006000e+03    9.445063e+10    0.000000e+00
   4.007000e+03    9.272064e+10    0.000000e+00
   4.008000e+03    9.120993e+10    0.000000e+00
   4.009000e+03    8.998467e+10    0.000000e+00
   4.010000e+03    8.902909e+10    0.000000e+00
   4.011000e+03    8.835989e+10    0.000000e+00
   4.012000e+03    8.785582e+10    0.000000e+00
   4.013000e+03    8.754467e+10    0.000000e+00
   4.014000e+03    8.736840e+10    0.000000e+00
   4.015000e+03    8.725683e+10    0.000000e+00
   4.016000e+03    8.716579e+10    0.000000e+00
   4.017000e+03    8.693337e+10    0.000000e+00
   4.018000e+03    8.649463e+10    0.000000e+00
   4.019000e+03    8.599130e+10    0.000000e+00
   4.020000e+03    8.544099e+10    0.000000e+00
   4.021000e+03    8.488134e+10    0.000000e+00
   4.022000e+03    8.435700e+10    0.000000e+00
   4.023000e+03    8.392024e+10    0.000000e+00
   4.024000e+03    8.356672e+10    0.000000e+00
   4.025000e+03    8.325209e+10    0.000000e+00
   4.026000e+03    8.296247e+10    0.000000e+00
   4.027000e+03    8.264332e+10    0.000000e+00
   4.028000e+03    8.222881e+10    0.000000e+00
   4.029000e+03    8.173104e+10    0.000000e+00
   4.030000e+03    8.118641e+10    0.000000e+00
   4.031000e+03    8.062589e+10    0.000000e+00
   4.032000e+03    8.000157e+10    0.000000e+00
   4.033000e+03    7.929025e+10    0.000000e+00
   4.034000e+03    7.855667e+10    0.000000e+00
   4.035000e+03    7.787814e+10    0.000000e+00
   4.036000e+03    7.716537e+10    0.000000e+00
   4.037000e+03    7.642956e+10    0.000000e+00
   4.038000e+03    7.574157e+10    0.000000e+00
   4.039000e+03    7.511292e+10    0.000000e+00
   4.040000e+03    7.442197e+10    0.000000e+00
   4.041000e+03    7.375638e+10    0.000000e+00
   4.042000e+03    7.320154e+10    0.000000e+00
   4.043000e+03    7.274903e+10    0.000000e+00
   4.044000e+03    7.236581e+10    0.000000e+00
   4.045000e+03    7.207965e+10    0.000000e+00
   4.046000e+03    7.193194e+10    0.000000e+00
   4.047000e+03    7.184022e+10    0.000000e+00
   4.048000e+03    7.175346e+10    0.000000e+00
   4.049000e+03    7.170338e+10    0.000000e+00
   4.050000e+03    7.169124e+10    0.000000e+00
   4.051000e+03    7.171645e+10    0.000000e+00
   4.052000e+03    7.172547e+10    0.000000e+00
   4.053000e+03    7.164288e+10    0.000000e+00
   4.054000e+03    7.146743e+10    0.000000e+00
   4.055000e+03    7.120989e+10    0.000000e+00
   4.056000e+03    7.086535e+10    0.000000e+00
   4.057000e+03    7.050015e+10    0.000000e+00
   4.058000e+03    7.014702e+10    0.000000e+00
   4.059000e+03    6.987029e+10    0.000000e+00
   4.060000e+03    6.968715e+10    0.000000e+00
   4.061000e+03    6.963170e+10    0.000000e+00
   4.062000e+03    6.966652e+10    0.000000e+00
   4.063000e+03    6.976076e+10    0.000000e+00
   4.064000e+03    6.984444e+10    0.000000e+00
   4.065000e+03    6.988074e+10    0.000000e+00
   4.066000e+03    6.986639e+10    0.000000e+00
   4.067000e+03    6.983764e+10    0.000000e+00
   4.068000e+03    6.980608e+10    0.000000e+00
   4.069000e+03    6.980423e+10    0.000000e+00
   4.070000e+03    6.978282e+10    0.000000e+00
   4.071000e+03    6.973341e+10    0.000000e+00
   4.072000e+03    6.958854e+10    0.000000e+00
   4.073000e+03    6.933360e+10    0.000000e+00
   4.074000e+03    6.899820e+10    0.000000e+00
   4.075000e+03    6.871346e+10    0.000000e+00
   4.076000e+03    6.852853e+10    0.000000e+00
   4.077000e+03    6.858989e+10    0.000000e+00
   4.078000e+03    6.877089e+10    0.000000e+00
   4.079000e+03    6.902958e+10    0.000000e+00
   4.080000e+03    6.926397e+10    0.000000e+00
   4.081000e+03    6.946017e+10    0.000000e+00
   4.082000e+03    6.964187e+10    0.000000e+00
   4.083000e+03    6.985581e+10    0.000000e+00
   4.084000e+03    7.010848e+10    0.000000e+00
   4.085000e+03    7.041273e+10    0.000000e+00
   4.086000e+03    7.075283e+10    0.000000e+00
   4.087000e+03    7.108700e+10    0.000000e+00
   4.088000e+03    7.127710e+10    0.000000e+00
   4.089000e+03    7.137230e+10    0.000000e+00
   4.090000e+03    7.146811e+10    0.000000e+00
   4.091000e+03    7.154793e+10    0.000000e+00
   4.092000e+03    7.165655e+10    0.000000e+00
   4.093000e+03    7.185742e+10    0.000000e+00
   4.094000e+03    7.215694e+10    0.000000e+00
   4.095000e+03    7.258108e+10    0.000000e+00
   4.096000e+03    7.316541e+10    0.000000e+00
   4.097000e+03    7.389791e+10    0.000000e+00
   4.098000e+03    7.470818e+10    0.000000e+00
   4.099000e+03    7.556882e+10    0.000000e+00
   4.100000e+03    7.642507e+10    7.676772e-21
   4.101000e+03    7.723578e+10    8.357201e-21
   4.102000e+03    7.797944e+10    8.829668e-21
   4.103000e+03    7.868970e+10    9.123793e-21
   4.104000e+03    7.937685e+10    9.228950e-21
   4.105000e+03    8.002911e+10    9.083847e-21
   4.106000e+03    8.066182e+10    8.750116e-21
   4.107000e+03    8.129001e+10    8.306220e-21
   4.108000e+03    8.188342e+10    7.727788e-21
   4.109000e+03    8.243139e+10    7.060811e-21
   4.110000e+03    8.293946e+10    6.370679e-21
   4.111000e+03    8.354361e+10    5.936768e-21
   4.112000e+03    8.430075e+10    5.800646e-21
   4.113000e+03    8.517760e+10    5.881638e-21
   4.114000e+03    8.617494e+10    5.969141e-21
   4.115000e+03    8.732710e+10    5.944377e-21
   4.116000e+03    8.850086e+10    6.134313e-21
   4.117000e+03    8.967732e+10    6.437646e-21
   4.118000e+03    9.083419e+10    6.630921e-21
   4.119000e+03    9.214531e+10    7.079976e-21
   4.120000e+03    9.359754e+10    7.820707e-21
   4.121000e+03    9.493923e+10    8.195742e-21
   4.122000e+03    9.612784e+10    8.003479e-21
   4.123000e+03    9.717983e+10    7.347618e-21
   4.124000e+03    9.814701e+10    6.501437e-21
   4.125000e+03    9.903607e+10    5.596002e-21
   4.126000e+03    9.987267e+10    4.750327e-21
   4.127000e+03    1.008857e+11    4.237222e-21
   4.128000e+03    1.020922e+11    3.964111e-21
   4.129000e+03    1.033689e+11    3.763342e-21
   4.130000e+03    1.047219e+11    3.713348e-21
   4.131000e+03    1.061509e+11    3.801085e-21
   4.132000e+03    1.078384e+11    3.893944e-21
   4.133000e+03    1.097064e+11    4.192022e-21
   4.134000e+03    1.116602e+11    4.657553e-21
   4.135000e+03    1.134650e+11    5.026635e-21
   4.136000e+03    1.151180e+11    5.263407e-21
   4.137000e+03    1.165970e+11    5.320626e-21
   4.138000e+03    1.179142e+11    5.227535e-21
   4.139000e+03    1.191108e+11    5.268649e-21
   4.140000e+03    1.203480e+11    5.206902e-21
   4.141000e+03    1.215737e+11    5.234335e-21
   4.142000e+03    1.227511e+11    5.350880e-21
   4.143000e+03    1.238674e+11    5.578740e-21
   4.144000e+03    1.248631e+11    5.866404e-21
   4.145000e+03    1.256619e+11    6.116208e-21
   4.146000e+03    1.262560e+11    6.340606e-21
   4.147000e+03    1.266507e+11    6.564397e-21
   4.148000e+03    1.268509e+11    6.809648e-21
   4.149000e+03    1.268742e+11    7.137739e-21
   4.150000e+03    1.266617e+11    7.420827e-21
   4.151000e+03    1.261601e+11    7.509896e-21
   4.152000e+03    1.254222e+11    7.494383e-21
   4.153000e+03    1.244866e+11    7.439510e-21
   4.154000e+03    1.233700e+11    7.354892e-21
   4.155000e+03    1.221016e+11    7.305527e-21
   4.156000e+03    1.207147e+11    7.361915e-21
   4.157000e+03    1.192091e+11    7.517938e-21
   4.158000e+03    1.174110e+11    7.313073e-21
   4.159000e+03    1.152274e+11    6.567648e-21
   4.160000e+03    1.128756e+11    5.848422e-21
   4.161000e+03    1.104352e+11    5.260123e-21
   4.162000e+03    1.079570e+11    4.810840e-21
   4.163000e+03    1.054701e+11    4.473003e-21
   4.164000e+03    1.030284e+11    4.257267e-21
   4.165000e+03    1.006738e+11    4.167628e-21
   4.166000e+03    9.838154e+10    4.148687e-21
   4.167000e+03    9.616695e+10    4.199079e-21
   4.168000e+03    9.409516e+10    4.381273e-21
   4.169000e+03    9.214530e+10    4.530070e-21
   4.170000e+03    9.034463e+10    4.585890e-21
   4.171000e+03    8.847371e+10    4.718113e-21
   4.172000e+03    8.657234e+10    4.721478e-21
   4.173000e+03    8.464267e+10    4.590405e-21
   4.174000e+03    8.285677e+10    4.538585e-21
   4.175000e+03    8.123530e+10    4.580800e-21
   4.176000e+03    7.985343e+10    4.811695e-21
   4.177000e+03    7.873142e+10    5.299431e-21
   4.178000e+03    7.787087e+10    5.816433e-21
   4.179000e+03    7.709433e+10    6.663004e-21
   4.180000e+03    7.634876e+10    7.596482e-21
   4.181000e+03    7.561246e+10    8.518132e-21
   4.182000e+03    7.485335e+10    9.290466e-21
   4.183000e+03    7.407113e+10    9.826534e-21
   4.184000e+03    7.331509e+10    1.026328e-20
   4.185000e+03    7.257956e+10    1.055839e-20
   4.186000e+03    7.186593e+10    1.070979e-20
   4.187000e+03    7.118692e+10    1.077659e-20
   4.188000e+03    7.054112e+10    1.075406e-20
   4.189000e+03    6.993304e+10    1.066837e-20
   4.190000e+03    6.937360e+10    1.056986e-20
   4.191000e+03    6.886455e+10    1.049574e-20
   4.192000e+03    6.841317e+10    1.050622e-20
   4.193000e+03    6.803063e+10    1.068556e-20
   4.194000e+03    6.768833e+10    1.093120e-20
   4.195000e+03    6.734188e+10    1.105176e-20
   4.196000e+03    6.697786e+10    1.097532e-20
   4.197000e+03    6.660887e+10    1.075120e-20
   4.198000e+03    6.625278e+10    1.044909e-20
   4.199000e+03    6.590701e+10    1.006579e-20
   4.200000e+03    6.559997e+10    9.725977e-21
