oname Sphere1d-yp_ix3_iy0
data in W/cm2/sr/eV
   3.600000e+03    1.035685e+11    0.000000e+00
   3.601000e+03    1.033137e+11    0.000000e+00
   3.602000e+03    1.030818e+11    0.000000e+00
   3.603000e+03    1.028709e+11    0.000000e+00
   3.604000e+03    1.025813e+11    0.000000e+00
   3.605000e+03    1.022078e+11    0.000000e+00
   3.606000e+03    1.017159e+11    0.000000e+00
   3.607000e+03    1.011300e+11    0.000000e+00
   3.608000e+03    1.005200e+11    0.000000e+00
   3.609000e+03    9.990953e+10    0.000000e+00
   3.610000e+03    9.934915e+10    0.000000e+00
   3.611000e+03    9.885395e+10    0.000000e+00
   3.612000e+03    9.848406e+10    0.000000e+00
   3.613000e+03    9.823004e+10    0.000000e+00
   3.614000e+03    9.809223e+10    0.000000e+00
   3.615000e+03    9.810011e+10    0.000000e+00
   3.616000e+03    9.821849e+10    0.000000e+00
   3.617000e+03    9.840088e+10    0.000000e+00
   3.618000e+03    9.864379e+10    0.000000e+00
   3.619000e+03    9.895075e+10    0.000000e+00
   3.620000e+03    9.931785e+10    0.000000e+00
   3.621000e+03    9.980298e+10    0.000000e+00
   3.622000e+03    1.003005e+11    0.000000e+00
   3.623000e+03    1.007363e+11    0.000000e+00
   3.624000e+03    1.010974e+11    0.000000e+00
   3.625000e+03    1.012982e+11    0.000000e+00
   3.626000e+03    1.013473e+11    0.000000e+00
   3.627000e+03    1.012611e+11    0.000000e+00
   3.628000e+03    1.010820e+11    0.000000e+00
   3.629000e+03    1.009512e+11    0.000000e+00
   3.630000e+03    1.009173e+11    0.000000e+00
   3.631000e+03    1.009799e+11    0.000000e+00
   3.632000e+03    1.011102e+11    0.000000e+00
   3.633000e+03    1.012341e+11    0.000000e+00
   3.634000e+03    1.013513e+11    0.000000e+00
   3.635000e+03    1.014835e+11    0.000000e+00
   3.636000e+03    1.016364e+11    0.000000e+00
   3.637000e+03    1.018134e+11    0.000000e+00
   3.638000e+03    1.020156e+11    0.000000e+00
   3.639000e+03    1.022467e+11    0.000000e+00
   3.640000e+03    1.025041e+11    0.000000e+00
   3.641000e+03    1.027216e+11    0.000000e+00
   3.642000e+03    1.027509e+11    0.000000e+00
   3.643000e+03    1.027513e+11    0.000000e+00
   3.644000e+03    1.029940e+11    0.000000e+00
   3.645000e+03    1.035069e+11    2.641615e-21
   3.646000e+03    1.042247e+11    2.559831e-21
   3.647000e+03    1.051439e+11    2.543994e-21
   3.648000e+03    1.063039e+11    2.585271e-21
   3.649000e+03    1.077156e+11    2.658772e-21
   3.650000e+03    1.093827e+11    2.759882e-21
   3.651000e+03    1.112423e+11    2.922787e-21
   3.652000e+03    1.132916e+11    3.164580e-21
   3.653000e+03    1.155140e+11    3.526151e-21
   3.654000e+03    1.178185e+11    3.967029e-21
   3.655000e+03    1.201711e+11    4.388882e-21
   3.656000e+03    1.225623e+11    4.723744e-21
   3.657000e+03    1.249562e+11    4.854752e-21
   3.658000e+03    1.273266e+11    4.702326e-21
   3.659000e+03    1.295715e+11    4.179997e-21
   3.660000e+03    1.316191e+11    3.395063e-21
   3.661000e+03    1.336242e+11    2.670540e-21
   3.662000e+03    1.357259e+11    2.121721e-21
   3.663000e+03    1.378280e+11    1.729770e-21
   3.664000e+03    1.399733e+11    1.546719e-21
   3.665000e+03    1.425802e+11    1.411487e-21
   3.666000e+03    1.457090e+11    1.304810e-21
   3.667000e+03    1.493392e+11    1.227723e-21
   3.668000e+03    1.534701e+11    1.149313e-21
   3.669000e+03    1.579824e+11    1.069894e-21
   3.670000e+03    1.628530e+11    9.879127e-22
   3.671000e+03    1.679925e+11    9.084987e-22
   3.672000e+03    1.735714e+11    8.809974e-22
   3.673000e+03    1.793899e+11    8.852987e-22
   3.674000e+03    1.851246e+11    8.901377e-22
   3.675000e+03    1.906701e+11    8.879450e-22
   3.676000e+03    1.958528e+11    8.648146e-22
   3.677000e+03    2.006589e+11    8.257266e-22
   3.678000e+03    2.050438e+11    7.739890e-22
   3.679000e+03    2.089363e+11    7.121022e-22
   3.680000e+03    2.124822e+11    6.686496e-22
   3.681000e+03    2.160358e+11    6.459806e-22
   3.682000e+03    2.196258e+11    6.531332e-22
   3.683000e+03    2.230211e+11    6.836765e-22
   3.684000e+03    2.259310e+11    7.243918e-22
   3.685000e+03    2.282365e+11    7.704054e-22
   3.686000e+03    2.299213e+11    8.234368e-22
   3.687000e+03    2.308780e+11    8.753841e-22
   3.688000e+03    2.310345e+11    9.175645e-22
   3.689000e+03    2.305322e+11    9.633843e-22
   3.690000e+03    2.294324e+11    1.018788e-21
   3.691000e+03    2.277621e+11    1.086336e-21
   3.692000e+03    2.254954e+11    1.158050e-21
   3.693000e+03    2.225908e+11    1.219658e-21
   3.694000e+03    2.190510e+11    1.262520e-21
   3.695000e+03    2.149104e+11    1.283847e-21
   3.696000e+03    2.101928e+11    1.281936e-21
   3.697000e+03    2.049395e+11    1.259918e-21
   3.698000e+03    1.992943e+11    1.240416e-21
   3.699000e+03    1.934105e+11    1.246838e-21
   3.700000e+03    1.872351e+11    1.265045e-21
   3.701000e+03    1.808687e+11    1.305438e-21
   3.702000e+03    1.746692e+11    1.384174e-21
   3.703000e+03    1.688996e+11    1.400044e-21
   3.704000e+03    1.633635e+11    1.411276e-21
   3.705000e+03    1.581370e+11    1.443971e-21
   3.706000e+03    1.532968e+11    1.498509e-21
   3.707000e+03    1.488345e+11    1.627017e-21
   3.708000e+03    1.446452e+11    1.823735e-21
   3.709000e+03    1.405117e+11    2.089341e-21
   3.710000e+03    1.364444e+11    2.489424e-21
   3.711000e+03    1.321545e+11    2.794993e-21
   3.712000e+03    1.276347e+11    2.885163e-21
   3.713000e+03    1.230620e+11    2.822023e-21
   3.714000e+03    1.184746e+11    2.634318e-21
   3.715000e+03    1.140517e+11    2.438361e-21
   3.716000e+03    1.098586e+11    2.270983e-21
   3.717000e+03    1.060708e+11    2.207566e-21
   3.718000e+03    1.029011e+11    2.293376e-21
   3.719000e+03    1.002766e+11    2.446004e-21
   3.720000e+03    9.797527e+10    2.734292e-21
   3.721000e+03    9.584017e+10    0.000000e+00
   3.722000e+03    9.362382e+10    0.000000e+00
   3.723000e+03    9.141290e+10    0.000000e+00
   3.724000e+03    8.931258e+10    0.000000e+00
   3.725000e+03    8.731764e+10    0.000000e+00
   3.726000e+03    8.554444e+10    0.000000e+00
   3.727000e+03    8.402557e+10    0.000000e+00
   3.728000e+03    8.268392e+10    0.000000e+00
   3.729000e+03    8.165770e+10    0.000000e+00
   3.730000e+03    8.085508e+10    0.000000e+00
   3.731000e+03    8.024406e+10    0.000000e+00
   3.732000e+03    7.978303e+10    0.000000e+00
   3.733000e+03    7.937751e+10    0.000000e+00
   3.734000e+03    7.899380e+10    0.000000e+00
   3.735000e+03    7.862521e+10    0.000000e+00
   3.736000e+03    7.823349e+10    0.000000e+00
   3.737000e+03    7.779571e+10    0.000000e+00
   3.738000e+03    7.725189e+10    0.000000e+00
   3.739000e+03    7.673624e+10    0.000000e+00
   3.740000e+03    7.630223e+10    0.000000e+00
   3.741000e+03    7.593353e+10    0.000000e+00
   3.742000e+03    7.563176e+10    0.000000e+00
   3.743000e+03    7.537839e+10    0.000000e+00
   3.744000e+03    7.504150e+10    0.000000e+00
   3.745000e+03    7.451185e+10    0.000000e+00
   3.746000e+03    7.384108e+10    0.000000e+00
   3.747000e+03    7.321834e+10    0.000000e+00
   3.748000e+03    7.274897e+10    0.000000e+00
   3.749000e+03    7.242024e+10    0.000000e+00
   3.750000e+03    7.221286e+10    0.000000e+00
   3.751000e+03    7.205508e+10    0.000000e+00
   3.752000e+03    7.193435e+10    0.000000e+00
   3.753000e+03    7.184105e+10    0.000000e+00
   3.754000e+03    7.179774e+10    0.000000e+00
   3.755000e+03    7.184996e+10    0.000000e+00
   3.756000e+03    7.201700e+10    0.000000e+00
   3.757000e+03    7.224101e+10    0.000000e+00
   3.758000e+03    7.257106e+10    0.000000e+00
   3.759000e+03    7.294314e+10    0.000000e+00
   3.760000e+03    7.321854e+10    0.000000e+00
   3.761000e+03    7.340430e+10    0.000000e+00
   3.762000e+03    7.349256e+10    0.000000e+00
   3.763000e+03    7.341481e+10    0.000000e+00
   3.764000e+03    7.320831e+10    0.000000e+00
   3.765000e+03    7.290309e+10    0.000000e+00
   3.766000e+03    7.266156e+10    0.000000e+00
   3.767000e+03    7.264696e+10    0.000000e+00
   3.768000e+03    7.267217e+10    0.000000e+00
   3.769000e+03    7.272401e+10    0.000000e+00
   3.770000e+03    7.275812e+10    0.000000e+00
   3.771000e+03    7.273561e+10    0.000000e+00
   3.772000e+03    7.268074e+10    0.000000e+00
   3.773000e+03    7.252343e+10    0.000000e+00
   3.774000e+03    7.220456e+10    0.000000e+00
   3.775000e+03    7.172631e+10    0.000000e+00
   3.776000e+03    7.105513e+10    0.000000e+00
   3.777000e+03    7.022699e+10    0.000000e+00
   3.778000e+03    6.925823e+10    0.000000e+00
   3.779000e+03    6.814933e+10    0.000000e+00
   3.780000e+03    6.695910e+10    0.000000e+00
   3.781000e+03    6.574390e+10    0.000000e+00
   3.782000e+03    6.455429e+10    0.000000e+00
   3.783000e+03    6.349056e+10    0.000000e+00
   3.784000e+03    6.272977e+10    0.000000e+00
   3.785000e+03    6.225650e+10    0.000000e+00
   3.786000e+03    6.191327e+10    0.000000e+00
   3.787000e+03    6.167443e+10    0.000000e+00
   3.788000e+03    6.147674e+10    0.000000e+00
   3.789000e+03    6.126276e+10    0.000000e+00
   3.790000e+03    6.096637e+10    0.000000e+00
   3.791000e+03    6.061400e+10    0.000000e+00
   3.792000e+03    6.019570e+10    0.000000e+00
   3.793000e+03    5.977978e+10    0.000000e+00
   3.794000e+03    5.949710e+10    0.000000e+00
   3.795000e+03    5.929172e+10    0.000000e+00
   3.796000e+03    5.916280e+10    0.000000e+00
   3.797000e+03    5.904883e+10    0.000000e+00
   3.798000e+03    5.892284e+10    0.000000e+00
   3.799000e+03    5.888941e+10    0.000000e+00
   3.800000e+03    5.892483e+10    0.000000e+00
   3.801000e+03    5.901870e+10    0.000000e+00
   3.802000e+03    5.925627e+10    0.000000e+00
   3.803000e+03    5.962008e+10    0.000000e+00
   3.804000e+03    6.009935e+10    0.000000e+00
   3.805000e+03    6.068240e+10    0.000000e+00
   3.806000e+03    6.126940e+10    0.000000e+00
   3.807000e+03    6.186751e+10    0.000000e+00
   3.808000e+03    6.245004e+10    0.000000e+00
   3.809000e+03    6.295510e+10    0.000000e+00
   3.810000e+03    6.336353e+10    0.000000e+00
   3.811000e+03    6.364000e+10    0.000000e+00
   3.812000e+03    6.380577e+10    0.000000e+00
   3.813000e+03    6.388627e+10    0.000000e+00
   3.814000e+03    6.387031e+10    0.000000e+00
   3.815000e+03    6.379607e+10    0.000000e+00
   3.816000e+03    6.371633e+10    0.000000e+00
   3.817000e+03    6.365998e+10    0.000000e+00
   3.818000e+03    6.365938e+10    0.000000e+00
   3.819000e+03    6.370357e+10    0.000000e+00
   3.820000e+03    6.379941e+10    0.000000e+00
   3.821000e+03    6.395461e+10    0.000000e+00
   3.822000e+03    6.427492e+10    0.000000e+00
   3.823000e+03    6.475204e+10    0.000000e+00
   3.824000e+03    6.524777e+10    0.000000e+00
   3.825000e+03    6.570806e+10    0.000000e+00
   3.826000e+03    6.608266e+10    0.000000e+00
   3.827000e+03    6.631508e+10    0.000000e+00
   3.828000e+03    6.638018e+10    0.000000e+00
   3.829000e+03    6.636983e+10    0.000000e+00
   3.830000e+03    6.629488e+10    0.000000e+00
   3.831000e+03    6.626175e+10    0.000000e+00
   3.832000e+03    6.631769e+10    0.000000e+00
   3.833000e+03    6.639530e+10    0.000000e+00
   3.834000e+03    6.649991e+10    0.000000e+00
   3.835000e+03    6.664732e+10    0.000000e+00
   3.836000e+03    6.680954e+10    0.000000e+00
   3.837000e+03    6.698819e+10    0.000000e+00
   3.838000e+03    6.715750e+10    0.000000e+00
   3.839000e+03    6.731634e+10    0.000000e+00
   3.840000e+03    6.748144e+10    1.055561e-20
   3.841000e+03    6.765077e+10    1.123388e-20
   3.842000e+03    6.780601e+10    1.191990e-20
   3.843000e+03    6.787761e+10    1.213432e-20
   3.844000e+03    6.785622e+10    1.173204e-20
   3.845000e+03    6.776077e+10    1.085411e-20
   3.846000e+03    6.760794e+10    9.699943e-21
   3.847000e+03    6.752113e+10    8.808615e-21
   3.848000e+03    6.752899e+10    8.201554e-21
   3.849000e+03    6.762818e+10    7.798968e-21
   3.850000e+03    6.771973e+10    7.304022e-21
   3.851000e+03    6.781232e+10    6.758092e-21
   3.852000e+03    6.800357e+10    6.371408e-21
   3.853000e+03    6.829886e+10    6.117201e-21
   3.854000e+03    6.870686e+10    5.989391e-21
   3.855000e+03    6.925743e+10    6.031418e-21
   3.856000e+03    6.995122e+10    6.224908e-21
   3.857000e+03    7.080044e+10    6.531679e-21
   3.858000e+03    7.180233e+10    6.940216e-21
   3.859000e+03    7.294030e+10    7.487391e-21
   3.860000e+03    7.420505e+10    8.188014e-21
   3.861000e+03    7.548484e+10    9.326431e-21
   3.862000e+03    7.666625e+10    1.014517e-20
   3.863000e+03    7.777100e+10    1.060576e-20
   3.864000e+03    7.887622e+10    1.102394e-20
   3.865000e+03    7.996252e+10    1.134637e-20
   3.866000e+03    8.103494e+10    1.164690e-20
   3.867000e+03    8.214157e+10    1.221370e-20
   3.868000e+03    8.324352e+10    1.291316e-20
   3.869000e+03    8.425721e+10    1.329327e-20
   3.870000e+03    8.517744e+10    1.337574e-20
   3.871000e+03    8.599085e+10    1.316572e-20
   3.872000e+03    8.669004e+10    1.269374e-20
   3.873000e+03    8.730162e+10    1.218307e-20
   3.874000e+03    8.782794e+10    1.168373e-20
   3.875000e+03    8.829733e+10    1.134581e-20
   3.876000e+03    8.873167e+10    1.125613e-20
   3.877000e+03    8.913825e+10    1.141543e-20
   3.878000e+03    8.951395e+10    1.178805e-20
   3.879000e+03    8.982693e+10    1.220857e-20
   3.880000e+03    9.001676e+10    1.229099e-20
   3.881000e+03    9.007599e+10    1.195763e-20
   3.882000e+03    9.006291e+10    1.155651e-20
   3.883000e+03    9.000683e+10    1.125038e-20
   3.884000e+03    8.986113e+10    1.080549e-20
   3.885000e+03    8.967541e+10    1.043061e-20
   3.886000e+03    8.934456e+10    9.680732e-21
   3.887000e+03    8.886794e+10    8.657813e-21
   3.888000e+03    8.826039e+10    7.538666e-21
   3.889000e+03    8.775913e+10    6.913494e-21
   3.890000e+03    8.740094e+10    6.714134e-21
   3.891000e+03    8.710928e+10    6.700070e-21
   3.892000e+03    8.688979e+10    6.875953e-21
   3.893000e+03    8.674861e+10    7.260353e-21
   3.894000e+03    8.668369e+10    7.868640e-21
   3.895000e+03    8.668583e+10    8.720214e-21
   3.896000e+03    8.661651e+10    9.326287e-21
   3.897000e+03    8.649802e+10    9.568171e-21
   3.898000e+03    8.634845e+10    9.357457e-21
   3.899000e+03    8.610156e+10    8.426412e-21
   3.900000e+03    8.579487e+10    7.081385e-21
   3.901000e+03    8.564345e+10    5.974172e-21
   3.902000e+03    8.570732e+10    5.109316e-21
   3.903000e+03    8.594273e+10    4.339615e-21
   3.904000e+03    8.624925e+10    3.564003e-21
   3.905000e+03    8.668158e+10    2.880613e-21
   3.906000e+03    8.739617e+10    2.371328e-21
   3.907000e+03    8.839468e+10    2.010272e-21
   3.908000e+03    8.974488e+10    1.777647e-21
   3.909000e+03    9.144471e+10    1.629749e-21
   3.910000e+03    9.351224e+10    1.537165e-21
   3.911000e+03    9.619661e+10    1.438317e-21
   3.912000e+03    9.946070e+10    1.342078e-21
   3.913000e+03    1.032860e+11    1.257912e-21
   3.914000e+03    1.079082e+11    1.160967e-21
   3.915000e+03    1.131951e+11    1.132518e-21
   3.916000e+03    1.188668e+11    1.124974e-21
   3.917000e+03    1.248581e+11    1.131928e-21
   3.918000e+03    1.310676e+11    1.142721e-21
   3.919000e+03    1.372819e+11    1.130718e-21
   3.920000e+03    1.434505e+11    1.096482e-21
   3.921000e+03    1.496543e+11    1.060156e-21
   3.922000e+03    1.558165e+11    1.018459e-21
   3.923000e+03    1.619556e+11    9.814470e-22
   3.924000e+03    1.680278e+11    9.511490e-22
   3.925000e+03    1.740588e+11    9.415333e-22
   3.926000e+03    1.801611e+11    9.633151e-22
   3.927000e+03    1.862312e+11    1.020665e-21
   3.928000e+03    1.919894e+11    1.093112e-21
   3.929000e+03    1.973663e+11    1.198725e-21
   3.930000e+03    2.023522e+11    1.341173e-21
   3.931000e+03    2.070258e+11    1.523329e-21
   3.932000e+03    2.112183e+11    1.774343e-21
   3.933000e+03    2.147151e+11    2.060538e-21
   3.934000e+03    2.174170e+11    2.340061e-21
   3.935000e+03    2.194252e+11    2.640950e-21
   3.936000e+03    2.207636e+11    2.975650e-21
   3.937000e+03    2.213184e+11    3.258348e-21
   3.938000e+03    2.211024e+11    3.460387e-21
   3.939000e+03    2.201406e+11    3.577315e-21
   3.940000e+03    2.183694e+11    3.540452e-21
   3.941000e+03    2.157936e+11    3.351983e-21
   3.942000e+03    2.124671e+11    3.073364e-21
   3.943000e+03    2.085835e+11    2.842251e-21
   3.944000e+03    2.042561e+11    2.698607e-21
   3.945000e+03    1.995225e+11    2.628629e-21
   3.946000e+03    1.945597e+11    2.633033e-21
   3.947000e+03    1.894477e+11    2.655206e-21
   3.948000e+03    1.842490e+11    2.618563e-21
   3.949000e+03    1.790592e+11    2.474798e-21
   3.950000e+03    1.737633e+11    2.355264e-21
   3.951000e+03    1.684435e+11    2.266680e-21
   3.952000e+03    1.631756e+11    2.207787e-21
   3.953000e+03    1.577297e+11    2.300271e-21
   3.954000e+03    1.521009e+11    2.321039e-21
   3.955000e+03    1.463810e+11    2.287821e-21
   3.956000e+03    1.405707e+11    2.185691e-21
   3.957000e+03    1.347099e+11    2.029260e-21
   3.958000e+03    1.290220e+11    1.898830e-21
   3.959000e+03    1.235953e+11    1.808339e-21
   3.960000e+03    1.183868e+11    1.733007e-21
   3.961000e+03    1.134506e+11    1.683066e-21
   3.962000e+03    1.088461e+11    1.670515e-21
   3.963000e+03    1.046872e+11    1.725758e-21
   3.964000e+03    1.009807e+11    1.847034e-21
   3.965000e+03    9.749052e+10    1.999331e-21
   3.966000e+03    9.422588e+10    2.180343e-21
   3.967000e+03    9.130430e+10    2.452361e-21
   3.968000e+03    8.875756e+10    2.801253e-21
   3.969000e+03    8.654703e+10    3.268160e-21
   3.970000e+03    8.444408e+10    3.898183e-21
   3.971000e+03    8.245311e+10    4.624150e-21
   3.972000e+03    8.063568e+10    5.547896e-21
   3.973000e+03    7.901064e+10    6.812048e-21
   3.974000e+03    7.750826e+10    8.432956e-21
   3.975000e+03    7.598229e+10    9.986894e-21
   3.976000e+03    7.443279e+10    1.125316e-20
   3.977000e+03    7.288922e+10    1.221535e-20
   3.978000e+03    7.130014e+10    1.251129e-20
   3.979000e+03    6.969066e+10    1.227184e-20
   3.980000e+03    6.813179e+10    1.197296e-20
   3.981000e+03    6.661052e+10    1.161368e-20
   3.982000e+03    6.518120e+10    1.150780e-20
   3.983000e+03    6.392698e+10    1.208091e-20
   3.984000e+03    6.276502e+10    1.298027e-20
   3.985000e+03    6.157802e+10    1.357266e-20
   3.986000e+03    6.031128e+10    1.346918e-20
   3.987000e+03    5.904062e+10    1.314069e-20
   3.988000e+03    5.785188e+10    1.309385e-20
   3.989000e+03    5.674401e+10    1.329101e-20
   3.990000e+03    5.572154e+10    1.378671e-20
   3.991000e+03    5.479727e+10    0.000000e+00
   3.992000e+03    5.388434e+10    0.000000e+00
   3.993000e+03    5.291451e+10    0.000000e+00
   3.994000e+03    5.195543e+10    0.000000e+00
   3.995000e+03    5.106066e+10    0.000000e+00
   3.996000e+03    5.025275e+10    0.000000e+00
   3.997000e+03    4.952719e+10    0.000000e+00
   3.998000e+03    4.888023e+10    0.000000e+00
   3.999000e+03    4.829998e+10    0.000000e+00
   4.000000e+03    4.778556e+10    0.000000e+00
   4.001000e+03    4.734103e+10    0.000000e+00
   4.002000e+03    4.687481e+10    0.000000e+00
   4.003000e+03    4.635223e+10    0.000000e+00
   4.004000e+03    4.583147e+10    0.000000e+00
   4.005000e+03    4.534010e+10    0.000000e+00
   4.006000e+03    4.488521e+10    0.000000e+00
   4.007000e+03    4.445533e+10    0.000000e+00
   4.008000e+03    4.404755e+10    0.000000e+00
   4.009000e+03    4.368306e+10    0.000000e+00
   4.010000e+03    4.334088e+10    0.000000e+00
   4.011000e+03    4.301713e+10    0.000000e+00
   4.012000e+03    4.268642e+10    0.000000e+00
   4.013000e+03    4.233416e+10    0.000000e+00
   4.014000e+03    4.197228e+10    0.000000e+00
   4.015000e+03    4.165740e+10    0.000000e+00
   4.016000e+03    4.139549e+10    0.000000e+00
   4.017000e+03    4.121786e+10    0.000000e+00
   4.018000e+03    4.111006e+10    0.000000e+00
   4.019000e+03    4.101736e+10    0.000000e+00
   4.020000e+03    4.092734e+10    0.000000e+00
   4.021000e+03    4.078254e+10    0.000000e+00
   4.022000e+03    4.057993e+10    0.000000e+00
   4.023000e+03    4.033226e+10    0.000000e+00
   4.024000e+03    4.005696e+10    0.000000e+00
   4.025000e+03    3.980717e+10    0.000000e+00
   4.026000e+03    3.965520e+10    0.000000e+00
   4.027000e+03    3.955772e+10    0.000000e+00
   4.028000e+03    3.946502e+10    0.000000e+00
   4.029000e+03    3.936808e+10    0.000000e+00
   4.030000e+03    3.924977e+10    0.000000e+00
   4.031000e+03    3.910996e+10    0.000000e+00
   4.032000e+03    3.896766e+10    0.000000e+00
   4.033000e+03    3.882340e+10    0.000000e+00
   4.034000e+03    3.864543e+10    0.000000e+00
   4.035000e+03    3.842072e+10    0.000000e+00
   4.036000e+03    3.818496e+10    0.000000e+00
   4.037000e+03    3.795081e+10    0.000000e+00
   4.038000e+03    3.772086e+10    0.000000e+00
   4.039000e+03    3.750327e+10    0.000000e+00
   4.040000e+03    3.728541e+10    0.000000e+00
   4.041000e+03    3.705928e+10    0.000000e+00
   4.042000e+03    3.684091e+10    0.000000e+00
   4.043000e+03    3.664118e+10    0.000000e+00
   4.044000e+03    3.645032e+10    0.000000e+00
   4.045000e+03    3.625798e+10    0.000000e+00
   4.046000e+03    3.605330e+10    0.000000e+00
   4.047000e+03    3.581608e+10    0.000000e+00
   4.048000e+03    3.555867e+10    0.000000e+00
   4.049000e+03    3.532164e+10    0.000000e+00
   4.050000e+03    3.511789e+10    0.000000e+00
   4.051000e+03    3.495626e+10    0.000000e+00
   4.052000e+03    3.486356e+10    0.000000e+00
   4.053000e+03    3.485373e+10    0.000000e+00
   4.054000e+03    3.486989e+10    0.000000e+00
   4.055000e+03    3.489070e+10    0.000000e+00
   4.056000e+03    3.491325e+10    0.000000e+00
   4.057000e+03    3.493724e+10    0.000000e+00
   4.058000e+03    3.495158e+10    0.000000e+00
   4.059000e+03    3.494538e+10    0.000000e+00
   4.060000e+03    3.496798e+10    0.000000e+00
   4.061000e+03    3.502234e+10    0.000000e+00
   4.062000e+03    3.510287e+10    0.000000e+00
   4.063000e+03    3.521758e+10    0.000000e+00
   4.064000e+03    3.535771e+10    0.000000e+00
   4.065000e+03    3.543965e+10    0.000000e+00
   4.066000e+03    3.546013e+10    0.000000e+00
   4.067000e+03    3.549036e+10    0.000000e+00
   4.068000e+03    3.553234e+10    0.000000e+00
   4.069000e+03    3.558773e+10    0.000000e+00
   4.070000e+03    3.565384e+10    0.000000e+00
   4.071000e+03    3.571944e+10    0.000000e+00
   4.072000e+03    3.575651e+10    0.000000e+00
   4.073000e+03    3.578625e+10    0.000000e+00
   4.074000e+03    3.580434e+10    0.000000e+00
   4.075000e+03    3.579069e+10    0.000000e+00
   4.076000e+03    3.574680e+10    0.000000e+00
   4.077000e+03    3.569077e+10    0.000000e+00
   4.078000e+03    3.560163e+10    0.000000e+00
   4.079000e+03    3.547676e+10    0.000000e+00
   4.080000e+03    3.529405e+10    0.000000e+00
   4.081000e+03    3.506384e+10    0.000000e+00
   4.082000e+03    3.479572e+10    0.000000e+00
   4.083000e+03    3.449558e+10    0.000000e+00
   4.084000e+03    3.417511e+10    0.000000e+00
   4.085000e+03    3.388196e+10    0.000000e+00
   4.086000e+03    3.363963e+10    0.000000e+00
   4.087000e+03    3.343782e+10    0.000000e+00
   4.088000e+03    3.323862e+10    0.000000e+00
   4.089000e+03    3.306077e+10    0.000000e+00
   4.090000e+03    3.293957e+10    0.000000e+00
   4.091000e+03    3.286573e+10    0.000000e+00
   4.092000e+03    3.283517e+10    0.000000e+00
   4.093000e+03    3.284409e+10    0.000000e+00
   4.094000e+03    3.288861e+10    0.000000e+00
   4.095000e+03    3.295329e+10    0.000000e+00
   4.096000e+03    3.302081e+10    0.000000e+00
   4.097000e+03    3.308402e+10    0.000000e+00
   4.098000e+03    3.313272e+10    0.000000e+00
   4.099000e+03    3.316494e+10    0.000000e+00
   4.100000e+03    3.318012e+10    5.252047e-20
   4.101000e+03    3.317306e+10    4.834810e-20
   4.102000e+03    3.315206e+10    4.343276e-20
   4.103000e+03    3.314831e+10    3.926958e-20
   4.104000e+03    3.318546e+10    3.650284e-20
   4.105000e+03    3.330176e+10    3.537799e-20
   4.106000e+03    3.348594e+10    3.517305e-20
   4.107000e+03    3.371934e+10    3.638257e-20
   4.108000e+03    3.397485e+10    3.808319e-20
   4.109000e+03    3.423506e+10    3.989478e-20
   4.110000e+03    3.448809e+10    4.139388e-20
   4.111000e+03    3.473982e+10    4.266408e-20
   4.112000e+03    3.498544e+10    4.341043e-20
   4.113000e+03    3.525850e+10    4.470632e-20
   4.114000e+03    3.556879e+10    4.689461e-20
   4.115000e+03    3.590917e+10    4.974811e-20
   4.116000e+03    3.622535e+10    5.077992e-20
   4.117000e+03    3.650109e+10    4.908573e-20
   4.118000e+03    3.673215e+10    4.492918e-20
   4.119000e+03    3.695680e+10    4.048353e-20
   4.120000e+03    3.718352e+10    3.631512e-20
   4.121000e+03    3.742790e+10    3.294245e-20
   4.122000e+03    3.770149e+10    3.052505e-20
   4.123000e+03    3.800979e+10    2.901914e-20
   4.124000e+03    3.831260e+10    2.769837e-20
   4.125000e+03    3.861010e+10    2.740557e-20
   4.126000e+03    3.891220e+10    2.798377e-20
   4.127000e+03    3.933240e+10    2.854834e-20
   4.128000e+03    3.985590e+10    2.962944e-20
   4.129000e+03    4.041822e+10    3.226797e-20
   4.130000e+03    4.099629e+10    3.597829e-20
   4.131000e+03    4.156873e+10    4.059371e-20
   4.132000e+03    4.208335e+10    4.451698e-20
   4.133000e+03    4.253282e+10    4.698455e-20
   4.134000e+03    4.291316e+10    4.741829e-20
   4.135000e+03    4.321620e+10    4.543194e-20
   4.136000e+03    4.344580e+10    4.165914e-20
   4.137000e+03    4.361096e+10    3.709864e-20
   4.138000e+03    4.371417e+10    3.239808e-20
   4.139000e+03    4.377394e+10    2.827957e-20
   4.140000e+03    4.383461e+10    2.545609e-20
   4.141000e+03    4.390080e+10    2.365233e-20
   4.142000e+03    4.398392e+10    2.281710e-20
   4.143000e+03    4.411036e+10    2.318469e-20
   4.144000e+03    4.424330e+10    2.408691e-20
   4.145000e+03    4.432800e+10    2.541228e-20
   4.146000e+03    4.436052e+10    2.696278e-20
   4.147000e+03    4.434542e+10    2.881898e-20
   4.148000e+03    4.429166e+10    3.115556e-20
   4.149000e+03    4.419261e+10    3.385603e-20
   4.150000e+03    4.406034e+10    3.723297e-20
   4.151000e+03    4.390718e+10    4.179143e-20
   4.152000e+03    4.370370e+10    4.676704e-20
   4.153000e+03    4.343324e+10    5.129536e-20
   4.154000e+03    4.309191e+10    5.473177e-20
   4.155000e+03    4.267470e+10    5.636983e-20
   4.156000e+03    4.217273e+10    5.548289e-20
   4.157000e+03    4.159631e+10    5.274057e-20
   4.158000e+03    4.095685e+10    4.903773e-20
   4.159000e+03    4.026511e+10    4.509393e-20
   4.160000e+03    3.953388e+10    4.140855e-20
   4.161000e+03    3.878368e+10    3.849944e-20
   4.162000e+03    3.803458e+10    3.694843e-20
   4.163000e+03    3.733351e+10    3.711569e-20
   4.164000e+03    3.670998e+10    3.702251e-20
   4.165000e+03    3.617948e+10    3.678520e-20
   4.166000e+03    3.566171e+10    3.892055e-20
   4.167000e+03    3.513873e+10    4.250694e-20
   4.168000e+03    3.460621e+10    4.597034e-20
   4.169000e+03    3.404590e+10    4.819894e-20
   4.170000e+03    3.344721e+10    4.823582e-20
   4.171000e+03    3.284801e+10    4.740827e-20
   4.172000e+03    3.225550e+10    4.591314e-20
   4.173000e+03    3.167488e+10    4.392210e-20
   4.174000e+03    3.111698e+10    4.181709e-20
   4.175000e+03    3.059014e+10    3.986343e-20
   4.176000e+03    3.010490e+10    3.837804e-20
   4.177000e+03    2.967279e+10    3.766128e-20
   4.178000e+03    2.930014e+10    3.789229e-20
   4.179000e+03    2.896879e+10    3.861962e-20
   4.180000e+03    2.868450e+10    4.016147e-20
   4.181000e+03    2.844108e+10    4.253791e-20
   4.182000e+03    2.820624e+10    4.481503e-20
   4.183000e+03    2.798274e+10    4.703622e-20
   4.184000e+03    2.779476e+10    5.017159e-20
   4.185000e+03    2.764385e+10    5.443245e-20
   4.186000e+03    2.752577e+10    5.992290e-20
   4.187000e+03    2.742720e+10    6.618236e-20
   4.188000e+03    2.734477e+10    7.314847e-20
   4.189000e+03    2.727269e+10    8.051784e-20
   4.190000e+03    2.720272e+10    8.759487e-20
   4.191000e+03    2.712956e+10    9.362511e-20
   4.192000e+03    2.703974e+10    9.672208e-20
   4.193000e+03    2.691487e+10    9.447641e-20
   4.194000e+03    2.676612e+10    8.877225e-20
   4.195000e+03    2.661383e+10    8.255560e-20
   4.196000e+03    2.645869e+10    7.622862e-20
   4.197000e+03    2.631236e+10    7.086976e-20
   4.198000e+03    2.619009e+10    6.736479e-20
   4.199000e+03    2.609959e+10    6.590973e-20
   4.200000e+03    2.604332e+10    6.648442e-20
